  -4.67741935483871       6.727156898258398E-018
  -4.35483870967742       5.552208955759189E-014
  -4.03225806451613       1.442007277351513E-010
  -3.70967741935484       1.178518777003975E-007
  -3.38709677419355       3.030909473206947E-005
  -3.06451612903226       2.452882971511475E-003
  -2.74193548387097       6.246663272202792E-002
  -2.41935483870968       0.500595300082815     
  -2.09677419354839        1.26238796142654     
  -1.77419354838710        1.00176608665182     
  -1.45161290322581       0.250153861070067     
  -1.12903225806452       1.965692136241585E-002
 -0.806451612903226       4.860614682852559E-004
 -0.483870967741935       3.782111197045152E-006
 -0.161290322580645       9.267856383719828E-009
  0.161290322580645       9.267856383719828E-009
  0.483870967741935       3.782111197045152E-006
  0.806451612903226       4.860614682852559E-004
   1.12903225806452       1.965692136241585E-002
   1.45161290322581       0.250153861070066     
   1.77419354838710        1.00176608665182     
   2.09677419354839        1.26238796142654     
   2.41935483870968       0.500595300082816     
   2.74193548387097       6.246663272202772E-002
   3.06451612903226       2.452882971511475E-003
   3.38709677419355       3.030909473206963E-005
   3.70967741935484       1.178518777003992E-007
   4.03225806451613       1.442007277351487E-010
   4.35483870967742       5.552208955759090E-014
   4.67741935483871       6.727156898258398E-018
