  -4.61538461538461       4.168957179293356E-017
  -4.23076923076923       1.309663257017545E-012
  -3.84615384615385       7.951724834626454E-009
  -3.46153846153846       9.331093332956773E-006
  -3.07692307692308       2.116280422551691E-003
  -2.69230769230769       9.276483702441612E-002
  -2.30769230769231       0.785892326110852     
  -1.92307692307692        1.28680340351631     
  -1.53846153846154       0.407221636008397     
  -1.15384615384615       2.490685993100353E-002
 -0.769230769230769       2.944263012242102E-004
 -0.384615384615385       6.726725951653810E-007
  0.000000000000000E+000  5.940600124901434E-010
  0.384615384615385       6.726725951653810E-007
  0.769230769230769       2.944263012242102E-004
   1.15384615384615       2.490685993100366E-002
   1.53846153846154       0.407221636008397     
   1.92307692307692        1.28680340351631     
   2.30769230769231       0.785892326110852     
   2.69230769230769       9.276483702441612E-002
   3.07692307692308       2.116280422551691E-003
   3.46153846153846       9.331093332956773E-006
   3.84615384615385       7.951724834626370E-009
   4.23076923076923       1.309663257017568E-012
   4.61538461538461       4.168957179293356E-017
