  -4.52380952380952       5.695340973374538E-016
  -4.04761904761905       1.018024809842746E-010
  -3.57142857142857       1.464807694657635E-006
  -3.09523809523810       1.696627419609181E-003
  -2.61904761904762       0.158188886321887     
  -2.14285714285714        1.18726885114715     
  -1.66666666666667       0.717308203343437     
  -1.19047619047619       3.488559539556520E-002
 -0.714285714285714       1.365746511081383E-004
 -0.238095238095238       4.304162857120120E-008
  0.238095238095238       4.304162857120120E-008
  0.714285714285714       1.365746511081383E-004
   1.19047619047619       3.488559539556520E-002
   1.66666666666667       0.717308203343437     
   2.14285714285714        1.18726885114715     
   2.61904761904762       0.158188886321887     
   3.09523809523809       1.696627419609189E-003
   3.57142857142857       1.464807694657635E-006
   4.04761904761905       1.018024809842746E-010
   4.52380952380952       5.695340973374538E-016
