  -4.37500000000000       3.268790430278807E-014
  -3.75000000000000       5.429386402528474E-008
  -3.12500000000000       1.175318941224818E-003
  -2.50000000000000       0.331590462642496     
  -1.87500000000000        1.21924122138001     
  -1.25000000000000       5.842766831189514E-002
 -0.625000000000000       3.649125368714924E-005
  0.000000000000000E+000  5.940600124901434E-010
  0.625000000000000       3.649125368714924E-005
   1.25000000000000       5.842766831189514E-002
   1.87500000000000        1.21924122138001     
   2.50000000000000       0.331590462642496     
   3.12500000000000       1.175318941224818E-003
   3.75000000000000       5.429386402528474E-008
   4.37500000000000       3.268790430278807E-014
