  -5.00000000000000       0.000000000000000E+000  2.564866208902140E-022
  -4.96655518394649       1.462434349568327E-002  7.771936182890333E-022
  -4.93311036789298       2.907086786336855E-002  2.325927382647026E-021
  -4.89966555183946       4.316364127021663E-002  6.874885874242989E-021
  -4.86622073578595       5.673048856108590E-002  2.006953223668867E-020
  -4.83277591973244       6.960482497966620E-002  5.786439591484228E-020
  -4.79933110367893       8.162743680556396E-002  1.647737450106780E-019
  -4.76588628762542       9.264819197028201E-002  4.634117243879487E-019
  -4.73244147157191       0.102527664355591       1.287207133476223E-018
  -4.69899665551839       0.111138656267626       3.531280971921021E-018
  -4.66555183946488       0.118367604511924       9.567941833669471E-018
  -4.63210702341137       0.124115856560271       2.560396320717960E-017
  -4.59866220735786       0.128300804489841       6.767032748921864E-017
  -4.56521739130435       0.130856865678160       1.766411070419517E-016
  -4.53177257525084       0.131736300641957       4.553944078664081E-016
  -4.49832775919732       0.130909859901391       1.159540773383930E-015
  -4.46488294314381       0.128367253319947       2.915994977001380E-015
  -4.43143812709030       0.124117437000296       7.242523855961730E-015
  -4.39799331103679       0.118188714492866       1.776623952736856E-014
  -4.36454849498328       0.110628650781656       4.304309657742621E-014
  -4.33110367892977       0.101503799235419       1.029944725300209E-013
  -4.29765886287625       9.089924343627299E-002  2.434034579709492E-013
  -4.26421404682274       7.891795750629124E-002  5.681224951064734E-013
  -4.23076923076923       6.567999023037893E-002  1.309663257017545E-012
  -4.19732441471572       5.132147990542352E-002  2.981808283799793E-012
  -4.16387959866221       3.599350841659078E-002  6.705052863560568E-012
  -4.13043478260870       1.986080453741890E-002  1.489111135784204E-011
  -4.09698996655518       3.100307857510401E-003  3.266287676110585E-011
  -4.06354515050167      -1.410039395274765E-002  7.075940445391965E-011
  -4.03010033444816      -3.154474063867573E-002  1.513966695409707E-010
  -3.99665551839465      -4.902897264921839E-002  3.199269972889518E-010
  -3.96321070234114      -6.634398631241385E-002  6.677099900785948E-010
  -3.92976588628763      -8.327725420309381E-002  1.376344887625730E-009
  -3.89632107023411      -9.961479336585152E-002  2.802006186412780E-009
  -3.86287625418060      -0.115143163570538       5.633954319728165E-009
  -3.82943143812709      -0.129651477452084       1.118819349709394E-008
  -3.79598662207358      -0.142933404224505       2.194365830173309E-008
  -3.76254180602007      -0.154789148662083       4.250700547836541E-008
  -3.72909698996656      -0.165027387209179       8.132318995881328E-008
  -3.69565217391304      -0.173467143412497       1.536634984145196E-007
  -3.66220735785953      -0.179939585363207       2.867671781906078E-007
  -3.62876254180602      -0.184289728486807       5.285554863279445E-007
  -3.59531772575251      -0.186378027820302       9.621751653198164E-007
  -3.56187290969900      -0.186081844862303       1.729896488085939E-006
  -3.52842809364549      -0.183296775163483       3.071768670713439E-006
  -3.49498327759197      -0.177937824033121       5.387153025596115E-006
  -3.46153846153846      -0.169940419061382       9.331093332956773E-006
  -3.42809364548495      -0.159261249584892       1.596276685233977E-005
  -3.39464882943144      -0.145878924742309       2.697032770451505E-005
  -3.36120401337793      -0.129794443363560       4.500561411031479E-005
  -3.32775919732441      -0.111031470596889       7.417363735347417E-005
  -3.29431438127090      -8.963641788715149E-002  1.207354699633990E-004
  -3.26086956521739      -6.567832466158005E-002  1.940986849903356E-004
  -3.22742474916388      -3.924854184003042E-002  3.081858715042311E-004
  -3.19397993311037      -1.046021904974812E-002  4.832871776088382E-004
  -3.16053511705686       2.055240082580604E-002  7.485145319295900E-004
  -3.12709030100334       5.363487441414595E-002  1.144979248600437E-003
  -3.09364548494983       8.861363091129194E-002  1.729806046499636E-003
  -3.06020066889632       0.125297216787729       2.581069042068892E-003
  -3.02675585284281       0.163477701958780       3.803682413677442E-003
  -2.99331103678930       0.202932235781172       5.536193883785100E-003
  -2.95986622073579       0.243424739884387       7.958308119748366E-003
  -2.92642140468227       0.284707723605369       1.129880787119364E-002
  -2.89297658862876       0.326524206679504       1.584334625684632E-002
  -2.85953177257525       0.368609732859578       2.194136386689217E-002
  -2.82608695652174       0.410694457296499       3.001115717153937E-002
  -2.79264214046823       0.452505289828637       4.054191686396227E-002
  -2.75919732441472       0.493768075796834       5.409140123797474E-002
  -2.72575250836120       0.534209795634503       7.127785159645936E-002
  -2.69230769230769       0.573560764280014       9.276483702441612E-002
  -2.65886287625418       0.611556811423894       0.119237973551242     
  -2.62541806020067       0.647941423736595       0.151372925046672     
  -2.59197324414716       0.682467830522705       0.189794767624446     
  -2.55852842809365       0.714901014712015       0.235029666031882     
  -2.52508361204013       0.745019631722765       0.287450817018738     
  -2.49163879598662       0.772617819512324       0.347221674439602     
  -2.45819397993311       0.797506884058627       0.414240466920286     
  -2.42474916387960       0.819516845583880       0.488090813722939     
  -2.39130434782609       0.838497832030869       0.568003695234491     
  -2.35785953177258       0.854321307621209       0.652836013362296     
  -2.32441471571906       0.866881125752384       0.741070392951493     
  -2.29096989966555       0.876094397013861       0.830839694480836     
  -2.25752508361204       0.881902164708486       0.919977969951271     
  -2.22408026755853       0.884269881939578        1.00609741676258     
  -2.19063545150502       0.883187686051809        1.08668846193770     
  -2.15719063545151       0.878670467979843        1.15923769241165     
  -2.12374581939799       0.870757735847098        1.22135621670326     
  -2.09030100334448       0.859513273952124        1.27090947271491     
  -2.05685618729097       0.845024600066017        1.30613871338006     
  -2.02341137123746       0.827402225725128        1.32576455263354     
  -1.98996655518395       0.806778725923543        1.32906407732569     
  -1.95652173913043       0.783307626274098        1.31591504551838     
  -1.92307692307692       0.757162117300240        1.28680340351631     
  -1.88963210702341       0.728533607029825        1.24279347714762     
  -1.85618729096990       0.697630124472378        1.18546338672097     
  -1.82274247491639       0.664674587861104        1.11681114980457     
  -1.78929765886288       0.629902952718289        1.03913925876742     
  -1.75585284280936       0.593562255847393       0.954927016212623     
  -1.72240802675585       0.555908572257619       0.866700453109814     
  -1.68896321070234       0.517204902779252       0.776909232949700     
  -1.65551839464883       0.477719010723680       0.687818666203851     
  -1.62207357859532       0.437721226375630       0.601423021775582     
  -1.58862876254181       0.397482238372769       0.519383985845138     
  -1.55518394648829       0.357270891127144       0.442995665878426     
  -1.52173913043478       0.317352007373057       0.373175235365402     
  -1.48829431438127       0.277984254687438       0.310476382330818     
  -1.45484949832776       0.239418074423857       0.255121311686967     
  -1.42140468227425       0.201893690933417       0.207046228878515     
  -1.38795986622074       0.165639218220098       0.165954994056615     
  -1.35451505016722       0.130868880301034       0.131375911820483     
  -1.32107023411371       9.778136052155600E-002  0.102717295545093     
  -1.28762541806020       6.655829391959042E-002  7.931837808449259E-002
  -1.25418060200669       3.736291545464461E-002  6.049319039868774E-002
  -1.22073578595318       1.033887552425610E-002  4.556606970002570E-002
  -1.18729096989967      -1.439076730196738E-002  3.389838956647820E-002
  -1.15384615384615      -3.672436798059027E-002  2.490685993100353E-002
  -1.12040133779264      -5.658232442788639E-002  1.807429249945960E-002
  -1.08695652173913      -7.390750970327445E-002  1.295406434461907E-002
  -1.05351170568562      -8.866550371207328E-002  9.169659504667070E-003
  -1.02006688963211      -0.100844622979437       6.410660600756954E-003
 -0.986622073578595      -0.110455748841515       4.426441977032637E-003
 -0.953177257525083      -0.117531956189893       3.018625125960518E-003
 -0.919732441471572      -0.122127946675246       2.033134010439777E-003
 -0.886287625418060      -0.124319292010141       1.352462536334531E-003
 -0.852842809364549      -0.124201494693683       8.885602850016157E-004
 -0.819397993311036      -0.121888875097148       5.765685751973296E-004
 -0.785953177257525      -0.117513295385661       3.695025621925252E-004
 -0.752508361204013      -0.111222732192493       2.338763761538274E-004
 -0.719063545150502      -0.103179711297087       1.462034677070854E-004
 -0.685618729096990      -9.355961877342547E-002  9.026749838164382E-005
 -0.652173913043478      -8.254890416114270E-002  5.504369199370981E-005
 -0.618729096989966      -7.034319215811194E-002  3.315019756348555E-005
 -0.585284280936455      -5.714532013186167E-002  1.971819248403621E-005
 -0.551839464882943      -4.316331939078265E-002  1.158378527022434E-005
 -0.518394648829432      -2.860835863922656E-002  6.721037379993752E-006
 -0.484949832775920      -1.369266835876713E-002  3.851452438595350E-006
 -0.451505016722408       1.372534991532153E-003  2.179792649743470E-006
 -0.418060200668896       1.637910608145171E-002  1.218451498754959E-006
 -0.384615384615385       3.112399043535090E-002  6.726725951653810E-007
 -0.351170568561873       4.541118844441697E-002  3.667766522877079E-007
 -0.317725752508361       5.905364585070339E-002  1.975159795981730E-007
 -0.284280936454850       7.187505356564763E-002  1.050524183862806E-007
 -0.250836120401337       8.371154051634376E-002  5.518436288279275E-008
 -0.217391304347826       9.441324418912810E-002  2.863155814894825E-008
 -0.183946488294314       0.103845744653346       1.467403458243335E-008
 -0.150501672240803       0.111891349088481       7.433269268891225E-009
 -0.117056856187291       0.118450215194092       3.731107040905657E-009
 -8.361204013377943E-002  0.123441303322113       1.876338253952016E-009
 -5.016722408026730E-002  0.126803148721887       9.891469173279640E-010
 -1.672240802675606E-002  0.128494446916133       6.345654731774658E-010
  1.672240802675606E-002  0.128494446916133       6.345654731774658E-010
  5.016722408026730E-002  0.126803148721887       9.891469173279640E-010
  8.361204013377943E-002  0.123441303322113       1.876338253952016E-009
  0.117056856187291       0.118450215194092       3.731107040905657E-009
  0.150501672240803       0.111891349088480       7.433269268891225E-009
  0.183946488294314       0.103845744653346       1.467403458243335E-008
  0.217391304347826       9.441324418912767E-002  2.863155814894825E-008
  0.250836120401337       8.371154051634351E-002  5.518436288279275E-008
  0.284280936454850       7.187505356564716E-002  1.050524183862806E-007
  0.317725752508361       5.905364585070273E-002  1.975159795981730E-007
  0.351170568561873       4.541118844441650E-002  3.667766522877079E-007
  0.384615384615385       3.112399043535033E-002  6.726725951653810E-007
  0.418060200668896       1.637910608145097E-002  1.218451498754959E-006
  0.451505016722408       1.372534991531794E-003  2.179792649743470E-006
  0.484949832775920      -1.369266835876778E-002  3.851452438595350E-006
  0.518394648829432      -2.860835863922745E-002  6.721037379993752E-006
  0.551839464882943      -4.316331939078333E-002  1.158378527022434E-005
  0.585284280936455      -5.714532013186253E-002  1.971819248403621E-005
  0.618729096989966      -7.034319215811262E-002  3.315019756348555E-005
  0.652173913043478      -8.254890416114335E-002  5.504369199370981E-005
  0.685618729096990      -9.355961877342588E-002  9.026749838164382E-005
  0.719063545150502      -0.103179711297087       1.462034677070854E-004
  0.752508361204013      -0.111222732192494       2.338763761538274E-004
  0.785953177257525      -0.117513295385662       3.695025621925252E-004
  0.819397993311036      -0.121888875097149       5.765685751973296E-004
  0.852842809364549      -0.124201494693683       8.885602850016157E-004
  0.886287625418060      -0.124319292010142       1.352462536334531E-003
  0.919732441471572      -0.122127946675246       2.033134010439777E-003
  0.953177257525083      -0.117531956189893       3.018625125960518E-003
  0.986622073578595      -0.110455748841515       4.426441977032637E-003
   1.02006688963211      -0.100844622979437       6.410660600756983E-003
   1.05351170568562      -8.866550371207346E-002  9.169659504667070E-003
   1.08695652173913      -7.390750970327424E-002  1.295406434461911E-002
   1.12040133779264      -5.658232442788604E-002  1.807429249945960E-002
   1.15384615384615      -3.672436798058992E-002  2.490685993100366E-002
   1.18729096989967      -1.439076730196768E-002  3.389838956647820E-002
   1.22073578595318       1.033887552425661E-002  4.556606970002584E-002
   1.25418060200669       3.736291545464464E-002  6.049319039868774E-002
   1.28762541806020       6.655829391959141E-002  7.931837808449284E-002
   1.32107023411371       9.778136052155627E-002  0.102717295545093     
   1.35451505016722       0.130868880301035       0.131375911820483     
   1.38795986622074       0.165639218220098       0.165954994056614     
   1.42140468227425       0.201893690933418       0.207046228878515     
   1.45484949832776       0.239418074423858       0.255121311686966     
   1.48829431438127       0.277984254687438       0.310476382330818     
   1.52173913043478       0.317352007373057       0.373175235365401     
   1.55518394648829       0.357270891127145       0.442995665878426     
   1.58862876254181       0.397482238372768       0.519383985845137     
   1.62207357859532       0.437721226375630       0.601423021775582     
   1.65551839464883       0.477719010723680       0.687818666203850     
   1.68896321070234       0.517204902779252       0.776909232949700     
   1.72240802675585       0.555908572257621       0.866700453109815     
   1.75585284280936       0.593562255847394       0.954927016212623     
   1.78929765886288       0.629902952718291        1.03913925876742     
   1.82274247491639       0.664674587861105        1.11681114980457     
   1.85618729096990       0.697630124472379        1.18546338672097     
   1.88963210702341       0.728533607029825        1.24279347714762     
   1.92307692307692       0.757162117300241        1.28680340351631     
   1.95652173913043       0.783307626274098        1.31591504551838     
   1.98996655518395       0.806778725923544        1.32906407732569     
   2.02341137123746       0.827402225725128        1.32576455263354     
   2.05685618729097       0.845024600066018        1.30613871338006     
   2.09030100334448       0.859513273952124        1.27090947271491     
   2.12374581939799       0.870757735847099        1.22135621670326     
   2.15719063545150       0.878670467979844        1.15923769241165     
   2.19063545150502       0.883187686051809        1.08668846193770     
   2.22408026755853       0.884269881939578        1.00609741676259     
   2.25752508361204       0.881902164708487       0.919977969951271     
   2.29096989966555       0.876094397013862       0.830839694480837     
   2.32441471571906       0.866881125752384       0.741070392951493     
   2.35785953177258       0.854321307621209       0.652836013362294     
   2.39130434782609       0.838497832030870       0.568003695234491     
   2.42474916387960       0.819516845583880       0.488090813722938     
   2.45819397993311       0.797506884058627       0.414240466920286     
   2.49163879598662       0.772617819512324       0.347221674439602     
   2.52508361204013       0.745019631722765       0.287450817018738     
   2.55852842809365       0.714901014712015       0.235029666031881     
   2.59197324414716       0.682467830522706       0.189794767624446     
   2.62541806020067       0.647941423736595       0.151372925046671     
   2.65886287625418       0.611556811423894       0.119237973551242     
   2.69230769230769       0.573560764280014       9.276483702441612E-002
   2.72575250836120       0.534209795634504       7.127785159645968E-002
   2.75919732441472       0.493768075796833       5.409140123797474E-002
   2.79264214046823       0.452505289828637       4.054191686396242E-002
   2.82608695652174       0.410694457296500       3.001115717153937E-002
   2.85953177257525       0.368609732859579       2.194136386689225E-002
   2.89297658862876       0.326524206679505       1.584334625684632E-002
   2.92642140468227       0.284707723605370       1.129880787119371E-002
   2.95986622073579       0.243424739884388       7.958308119748366E-003
   2.99331103678930       0.202932235781173       5.536193883785126E-003
   3.02675585284281       0.163477701958780       3.803682413677442E-003
   3.06020066889632       0.125297216787729       2.581069042068881E-003
   3.09364548494983       8.861363091129199E-002  1.729806046499616E-003
   3.12709030100334       5.363487441414688E-002  1.144979248600444E-003
   3.16053511705686       2.055240082580588E-002  7.485145319295900E-004
   3.19397993311037      -1.046021904974771E-002  4.832871776088382E-004
   3.22742474916388      -3.924854184003061E-002  3.081858715042279E-004
   3.26086956521739      -6.567832466157894E-002  1.940986849903377E-004
   3.29431438127090      -8.963641788715095E-002  1.207354699633990E-004
   3.32775919732441      -0.111031470596889       7.417363735347417E-005
   3.36120401337793      -0.129794443363560       4.500561411031423E-005
   3.39464882943144      -0.145878924742308       2.697032770451539E-005
   3.42809364548495      -0.159261249584892       1.596276685233977E-005
   3.46153846153846      -0.169940419061381       9.331093332956773E-006
   3.49498327759197      -0.177937824033120       5.387153025596019E-006
   3.52842809364548      -0.183296775163482       3.071768670713493E-006
   3.56187290969900      -0.186081844862303       1.729896488085946E-006
   3.59531772575251      -0.186378027820302       9.621751653198164E-007
   3.62876254180602      -0.184289728486807       5.285554863279416E-007
   3.66220735785953      -0.179939585363208       2.867671781906118E-007
   3.69565217391304      -0.173467143412496       1.536634984145212E-007
   3.72909698996656      -0.165027387209179       8.132318995881328E-008
   3.76254180602007      -0.154789148662082       4.250700547836496E-008
   3.79598662207358      -0.142933404224504       2.194365830173278E-008
   3.82943143812709      -0.129651477452084       1.118819349709406E-008
   3.86287625418060      -0.115143163570539       5.633954319728165E-009
   3.89632107023411      -9.961479336585172E-002  2.802006186412780E-009
   3.92976588628763      -8.327725420309323E-002  1.376344887625706E-009
   3.96321070234114      -6.634398631241462E-002  6.677099900786066E-010
   3.99665551839465      -4.902897264921859E-002  3.199269972889518E-010
   4.03010033444816      -3.154474063867579E-002  1.513966695409707E-010
   4.06354515050167      -1.410039395274702E-002  7.075940445391790E-011
   4.09698996655518       3.100307857509848E-003  3.266287676110666E-011
   4.13043478260870       1.986080453741882E-002  1.489111135784204E-011
   4.16387959866221       3.599350841659013E-002  6.705052863560568E-012
   4.19732441471572       5.132147990542354E-002  2.981808283799740E-012
   4.23076923076923       6.567999023037840E-002  1.309663257017568E-012
   4.26421404682274       7.891795750629067E-002  5.681224951064734E-013
   4.29765886287625       9.089924343627281E-002  2.434034579709492E-013
   4.33110367892977       0.101503799235419       1.029944725300209E-013
   4.36454849498328       0.110628650781656       4.304309657742528E-014
   4.39799331103679       0.118188714492866       1.776623952736856E-014
   4.43143812709030       0.124117437000295       7.242523855961730E-015
   4.46488294314381       0.128367253319947       2.915994977001380E-015
   4.49832775919733       0.130909859901391       1.159540773383889E-015
   4.53177257525084       0.131736300641957       4.553944078664244E-016
   4.56521739130435       0.130856865678160       1.766411070419517E-016
   4.59866220735786       0.128300804489841       6.767032748921864E-017
   4.63210702341137       0.124115856560271       2.560396320717887E-017
   4.66555183946488       0.118367604511924       9.567941833669811E-018
   4.69899665551839       0.111138656267626       3.531280971921021E-018
   4.73244147157191       0.102527664355591       1.287207133476223E-018
   4.76588628762542       9.264819197028114E-002  4.634117243879421E-019
   4.79933110367893       8.162743680556422E-002  1.647737450106803E-019
   4.83277591973244       6.960482497966591E-002  5.786439591484228E-020
   4.86622073578595       5.673048856108614E-002  2.006953223668867E-020
   4.89966555183947       4.316364127021669E-002  6.874885874242744E-021
   4.93311036789298       2.907086786336917E-002  2.325927382647109E-021
   4.96655518394649       1.462434349568369E-002  7.771936182890333E-022
   5.00000000000000       1.708006938306137E-016  2.564866208902140E-022
