  -5.00000000000000       0.000000000000000E+000  2.564866208902140E-022
  -4.96655518394649      -7.887498880990993E-003  7.771936182890333E-022
  -4.93311036789298      -1.540133743237055E-002  2.325927382647026E-021
  -4.89966555183946      -2.218499565771998E-002  6.874885874242989E-021
  -4.86622073578595      -2.791547266715408E-002  2.006953223668867E-020
  -4.83277591973244      -3.231817517721269E-002  5.786439591484228E-020
  -4.79933110367893      -3.517965133519370E-002  1.647737450106780E-019
  -4.76588628762542      -3.635759853748126E-002  4.634117243879487E-019
  -4.73244147157191      -3.578769182561453E-002  1.287207133476223E-018
  -4.69899665551839      -3.348691723203744E-002  3.531280971921021E-018
  -4.66555183946488      -2.955324629531804E-002  9.567941833669471E-018
  -4.63210702341137      -2.416164745225255E-002  2.560396320717960E-017
  -4.59866220735786      -1.755659038195461E-002  6.767032748921864E-017
  -4.56521739130435      -1.004135380532540E-002  1.766411070419517E-016
  -4.53177257525084      -1.964589136451346E-003  4.553944078664081E-016
  -4.49832775919732       6.295284356864505E-003  1.159540773383930E-015
  -4.46488294314381       1.434717794171797E-002  2.915994977001380E-015
  -4.43143812709030       2.180517947299173E-002  7.242523855961730E-015
  -4.39799331103679       2.830636182487774E-002  1.776623952736856E-014
  -4.36454849498328       3.352776245585372E-002  4.304309657742621E-014
  -4.33110367892977       3.720177085451151E-002  1.029944725300209E-013
  -4.29765886287625       3.912922165281575E-002  2.434034579709492E-013
  -4.26421404682274       3.918958298622447E-002  5.681224951064734E-013
  -4.23076923076923       3.734774863259854E-002  1.309663257017545E-012
  -4.19732441471572       3.365708381882026E-002  2.981808283799793E-012
  -4.16387959866221       2.825853261745977E-002  6.705052863560568E-012
  -4.13043478260870       2.137576309387437E-002  1.489111135784204E-011
  -4.09698996655518       1.330649785201598E-002  3.266287676110585E-011
  -4.06354515050167       4.410345209380850E-003  7.075940445391965E-011
  -4.03010033444816      -4.906397156255123E-003  1.513966695409707E-010
  -3.99665551839465      -1.420835528610787E-002  3.199269972889518E-010
  -3.96321070234114      -2.305038266073994E-002  6.677099900785948E-010
  -3.92976588628763      -3.099774198475379E-002  1.376344887625730E-009
  -3.89632107023411      -3.764629874501330E-002  2.802006186412780E-009
  -3.86287625418060      -4.264184200242829E-002  5.633954319728165E-009
  -3.82943143812709      -4.569766635900446E-002  1.118819349709394E-008
  -3.79598662207358      -4.660960403418377E-002  2.194365830173309E-008
  -3.76254180602007      -4.526778577567544E-002  4.250700547836541E-008
  -3.72909698996656      -4.166453077121426E-002  8.132318995881328E-008
  -3.69565217391304      -3.589791434587174E-002  1.536634984145196E-007
  -3.66220735785953      -2.817073239420417E-002  2.867671781906078E-007
  -3.62876254180602      -1.878476663429398E-002  5.285554863279445E-007
  -3.59531772575251      -8.130447619546202E-003  9.621751653198164E-007
  -3.56187290969900       3.327794663227181E-003  1.729896488085939E-006
  -3.52842809364549       1.507001761445468E-002  3.071768670713439E-006
  -3.49498327759197       2.654244539015624E-002  5.387153025596115E-006
  -3.46153846153846       3.718154841652475E-002  9.331093332956773E-006
  -3.42809364548495       4.643961172508112E-002  1.596276685233977E-005
  -3.39464882943144       5.381079567468442E-002  2.697032770451505E-005
  -3.36120401337793       5.885664527678636E-002  4.500561411031479E-005
  -3.32775919732441       6.122999725422140E-002  7.417363735347417E-005
  -3.29431438127090       6.069626809727888E-002  1.207354699633990E-004
  -3.26086956521739       5.715118108623288E-002  1.940986849903356E-004
  -3.22742474916388       5.063410328518222E-002  3.081858715042311E-004
  -3.19397993311037       4.133631111365692E-002  4.832871776088382E-004
  -3.16053511705686       2.960368011485310E-002  7.485145319295900E-004
  -3.12709030100334       1.593349460370332E-002  1.144979248600437E-003
  -3.09364548494983       9.652886669407654E-004  1.729806046499636E-003
  -3.06020066889632      -1.453414652002609E-002  2.581069042068892E-003
  -3.02675585284281      -2.969123130923005E-002  3.803682413677442E-003
  -2.99331103678930      -4.355097078100902E-002  5.536193883785100E-003
  -2.95986622073579      -5.510646499416807E-002  7.958308119748366E-003
  -2.92642140468227      -6.333161762266289E-002  1.129880787119364E-002
  -2.89297658862876      -6.721596502534311E-002  1.584334625684632E-002
  -2.85953177257525      -6.580044597994049E-002  2.194136386689217E-002
  -2.82608695652174      -5.821287224920056E-002  3.001115717153937E-002
  -2.79264214046823      -4.370184457819096E-002  4.054191686396227E-002
  -2.75919732441472      -2.166788874044220E-002  5.409140123797474E-002
  -2.72575250836120       8.309338751415823E-003  7.127785159645936E-002
  -2.69230769230769       4.644880797426711E-002  9.276483702441612E-002
  -2.65886287625418       9.275171221097894E-002  0.119237973551242     
  -2.62541806020067       0.146991590254028       0.151372925046672     
  -2.59197324414716       0.208711444209232       0.189794767624446     
  -2.55852842809365       0.277228086977962       0.235029666031882     
  -2.52508361204013       0.351643707349399       0.287450817018738     
  -2.49163879598662       0.430864392644299       0.347221674439602     
  -2.45819397993311       0.513625108089318       0.414240466920286     
  -2.42474916387960       0.598520407303509       0.488090813722939     
  -2.39130434782609       0.684039947622720       0.568003695234491     
  -2.35785953177258       0.768607714782201       0.652836013362296     
  -2.32441471571906       0.850623729890911       0.741070392951493     
  -2.29096989966555       0.928506922458384       0.830839694480836     
  -2.25752508361204        1.00073780972148       0.919977969951271     
  -2.22408026755853        1.06589962623687        1.00609741676258     
  -2.19063545150502        1.12271659850039        1.08668846193770     
  -2.15719063545151        1.17008815534943        1.15923769241165     
  -2.12374581939799        1.20711800257653        1.22135621670326     
  -2.09030100334448        1.23313716449229        1.27090947271491     
  -2.05685618729097        1.24772029976780        1.30613871338006     
  -2.02341137123746        1.25069482632080        1.32576455263354     
  -1.98996655518395        1.24214263204821        1.32906407732569     
  -1.95652173913043        1.22239439612455        1.31591504551838     
  -1.92307692307692        1.19201679048938        1.28680340351631     
  -1.88963210702341        1.15179306431941        1.24279347714762     
  -1.85618729096990        1.10269772749463        1.18546338672097     
  -1.82274247491639        1.04586623489304        1.11681114980457     
  -1.78929765886288       0.982560725423987        1.03913925876742     
  -1.75585284280936       0.914132982971777       0.954927016212623     
  -1.72240802675585       0.841985857281011       0.866700453109814     
  -1.68896321070234       0.767534409284308       0.776909232949700     
  -1.65551839464883       0.692168027119016       0.687818666203851     
  -1.62207357859532       0.617214697425613       0.601423021775582     
  -1.58862876254181       0.543908514377128       0.519383985845138     
  -1.55518394648829       0.473361370628876       0.442995665878426     
  -1.52173913043478       0.406539605654467       0.373175235365402     
  -1.48829431438127       0.344246194453528       0.310476382330818     
  -1.45484949832776       0.287108850871306       0.255121311686967     
  -1.42140468227425       0.235574202745375       0.207046228878515     
  -1.38795986622074       0.189907978957632       0.165954994056615     
  -1.35451505016722       0.150200939257863       0.131375911820483     
  -1.32107023411371       0.116380084039367       0.102717295545093     
  -1.28762541806020       8.822450996765116E-002  7.931837808449259E-002
  -1.25418060200669       6.538513439588757E-002  6.049319039868774E-002
  -1.22073578595318       4.740740156302785E-002  4.556606970002570E-002
  -1.18729096989967       3.375601002798836E-002  3.389838956647820E-002
  -1.15384615384615       2.384066554920495E-002  2.490685993100353E-002
  -1.12040133779264       1.704186706294655E-002  1.807429249945960E-002
  -1.08695652173913       1.273577443065368E-002  1.295406434461907E-002
  -1.05351170568562       1.031728266211979E-002  9.169659504667070E-003
  -1.02006688963211       9.220534509750373E-003  6.410660600756954E-003
 -0.986622073578595       8.936236660517865E-003  4.426441977032637E-003
 -0.953177257525083       9.025298292523264E-003  3.018625125960518E-003
 -0.919732441471572       9.128477903603077E-003  2.033134010439777E-003
 -0.886287625418060       8.971898050517239E-003  1.352462536334531E-003
 -0.852842809364549       8.368460834405367E-003  8.885602850016157E-004
 -0.819397993311036       7.215362679519345E-003  5.765685751973296E-004
 -0.785953177257525       5.488058674554742E-003  3.695025621925252E-004
 -0.752508361204013       3.231158680152747E-003  2.338763761538274E-004
 -0.719063545150502       5.468446802895285E-004  1.462034677070854E-004
 -0.685618729096990      -2.418522292374865E-003  9.026749838164382E-005
 -0.652173913043478      -5.488889412445088E-003  5.504369199370981E-005
 -0.618729096989966      -8.473361463878698E-003  3.315019756348555E-005
 -0.585284280936455      -1.118069651621443E-002  1.971819248403621E-005
 -0.551839464882943      -1.343277861928595E-002  1.158378527022434E-005
 -0.518394648829432      -1.507647258245243E-002  6.721037379993752E-006
 -0.484949832775920      -1.599336406819846E-002  3.851452438595350E-006
 -0.451505016722408      -1.610700543451314E-002  2.179792649743470E-006
 -0.418060200668896      -1.538741847992820E-002  1.218451498754959E-006
 -0.384615384615385      -1.385274347083649E-002  6.726725951653810E-007
 -0.351170568561873      -1.156806333086841E-002  3.667766522877079E-007
 -0.317725752508361      -8.641566457559674E-003  1.975159795981730E-007
 -0.284280936454850      -5.218335418181368E-003  1.050524183862806E-007
 -0.250836120401337      -1.472156432109351E-003  5.518436288279275E-008
 -0.217391304347826       2.404168486966943E-003  2.863155814894825E-008
 -0.183946488294314       6.209462176590794E-003  1.467403458243335E-008
 -0.150501672240803       9.745185304155085E-003  7.433269268891225E-009
 -0.117056856187291       1.282623338323184E-002  3.731107040905657E-009
 -8.361204013377943E-002  1.529094978640742E-002  1.876338253952016E-009
 -5.016722408026730E-002  1.700983385047277E-002  9.891469173279640E-010
 -1.672240802675606E-002  1.789249479267888E-002  6.345654731774658E-010
  1.672240802675606E-002  1.789249479267883E-002  6.345654731774658E-010
  5.016722408026730E-002  1.700983385047267E-002  9.891469173279640E-010
  8.361204013377943E-002  1.529094978640729E-002  1.876338253952016E-009
  0.117056856187291       1.282623338323200E-002  3.731107040905657E-009
  0.150501672240803       9.745185304155253E-003  7.433269268891225E-009
  0.183946488294314       6.209462176591059E-003  1.467403458243335E-008
  0.217391304347826       2.404168486966693E-003  2.863155814894825E-008
  0.250836120401337      -1.472156432109325E-003  5.518436288279275E-008
  0.284280936454850      -5.218335418181572E-003  1.050524183862806E-007
  0.317725752508361      -8.641566457559946E-003  1.975159795981730E-007
  0.351170568561873      -1.156806333086827E-002  3.667766522877079E-007
  0.384615384615385      -1.385274347083586E-002  6.726725951653810E-007
  0.418060200668896      -1.538741847992801E-002  1.218451498754959E-006
  0.451505016722408      -1.610700543451240E-002  2.179792649743470E-006
  0.484949832775920      -1.599336406819782E-002  3.851452438595350E-006
  0.518394648829432      -1.507647258245225E-002  6.721037379993752E-006
  0.551839464882943      -1.343277861928541E-002  1.158378527022434E-005
  0.585284280936455      -1.118069651621405E-002  1.971819248403621E-005
  0.618729096989966      -8.473361463878152E-003  3.315019756348555E-005
  0.652173913043478      -5.488889412443894E-003  5.504369199370981E-005
  0.685618729096990      -2.418522292373632E-003  9.026749838164382E-005
  0.719063545150502       5.468446802904437E-004  1.462034677070854E-004
  0.752508361204013       3.231158680153093E-003  2.338763761538274E-004
  0.785953177257525       5.488058674555341E-003  3.695025621925252E-004
  0.819397993311036       7.215362679519183E-003  5.765685751973296E-004
  0.852842809364549       8.368460834405390E-003  8.885602850016157E-004
  0.886287625418060       8.971898050517768E-003  1.352462536334531E-003
  0.919732441471572       9.128477903603346E-003  2.033134010439777E-003
  0.953177257525083       9.025298292523281E-003  3.018625125960518E-003
  0.986622073578595       8.936236660517440E-003  4.426441977032637E-003
   1.02006688963211       9.220534509749115E-003  6.410660600756983E-003
   1.05351170568562       1.031728266211902E-002  9.169659504667070E-003
   1.08695652173913       1.273577443065281E-002  1.295406434461911E-002
   1.12040133779264       1.704186706294581E-002  1.807429249945960E-002
   1.15384615384615       2.384066554920454E-002  2.490685993100366E-002
   1.18729096989967       3.375601002798697E-002  3.389838956647820E-002
   1.22073578595318       4.740740156302671E-002  4.556606970002584E-002
   1.25418060200669       6.538513439588631E-002  6.049319039868774E-002
   1.28762541806020       8.822450996765074E-002  7.931837808449284E-002
   1.32107023411371       0.116380084039365       0.102717295545093     
   1.35451505016722       0.150200939257862       0.131375911820483     
   1.38795986622074       0.189907978957630       0.165954994056614     
   1.42140468227425       0.235574202745375       0.207046228878515     
   1.45484949832776       0.287108850871305       0.255121311686966     
   1.48829431438127       0.344246194453527       0.310476382330818     
   1.52173913043478       0.406539605654467       0.373175235365401     
   1.55518394648829       0.473361370628876       0.442995665878426     
   1.58862876254181       0.543908514377127       0.519383985845137     
   1.62207357859532       0.617214697425613       0.601423021775582     
   1.65551839464883       0.692168027119015       0.687818666203850     
   1.68896321070234       0.767534409284309       0.776909232949700     
   1.72240802675585       0.841985857281014       0.866700453109815     
   1.75585284280936       0.914132982971778       0.954927016212623     
   1.78929765886288       0.982560725423989        1.03913925876742     
   1.82274247491639        1.04586623489304        1.11681114980457     
   1.85618729096990        1.10269772749463        1.18546338672097     
   1.88963210702341        1.15179306431941        1.24279347714762     
   1.92307692307692        1.19201679048938        1.28680340351631     
   1.95652173913043        1.22239439612455        1.31591504551838     
   1.98996655518395        1.24214263204821        1.32906407732569     
   2.02341137123746        1.25069482632080        1.32576455263354     
   2.05685618729097        1.24772029976780        1.30613871338006     
   2.09030100334448        1.23313716449229        1.27090947271491     
   2.12374581939799        1.20711800257654        1.22135621670326     
   2.15719063545150        1.17008815534943        1.15923769241165     
   2.19063545150502        1.12271659850039        1.08668846193770     
   2.22408026755853        1.06589962623687        1.00609741676259     
   2.25752508361204        1.00073780972148       0.919977969951271     
   2.29096989966555       0.928506922458385       0.830839694480837     
   2.32441471571906       0.850623729890910       0.741070392951493     
   2.35785953177258       0.768607714782200       0.652836013362294     
   2.39130434782609       0.684039947622720       0.568003695234491     
   2.42474916387960       0.598520407303508       0.488090813722938     
   2.45819397993311       0.513625108089319       0.414240466920286     
   2.49163879598662       0.430864392644299       0.347221674439602     
   2.52508361204013       0.351643707349399       0.287450817018738     
   2.55852842809365       0.277228086977962       0.235029666031881     
   2.59197324414716       0.208711444209232       0.189794767624446     
   2.62541806020067       0.146991590254027       0.151372925046671     
   2.65886287625418       9.275171221097937E-002  0.119237973551242     
   2.69230769230769       4.644880797426711E-002  9.276483702441612E-002
   2.72575250836120       8.309338751416838E-003  7.127785159645968E-002
   2.75919732441472      -2.166788874044204E-002  5.409140123797474E-002
   2.79264214046823      -4.370184457819067E-002  4.054191686396242E-002
   2.82608695652174      -5.821287224920043E-002  3.001115717153937E-002
   2.85953177257525      -6.580044597994114E-002  2.194136386689225E-002
   2.89297658862876      -6.721596502534352E-002  1.584334625684632E-002
   2.92642140468227      -6.333161762266283E-002  1.129880787119371E-002
   2.95986622073579      -5.510646499416814E-002  7.958308119748366E-003
   2.99331103678930      -4.355097078101004E-002  5.536193883785126E-003
   3.02675585284281      -2.969123130923090E-002  3.803682413677442E-003
   3.06020066889632      -1.453414652002645E-002  2.581069042068881E-003
   3.09364548494983       9.652886669410693E-004  1.729806046499616E-003
   3.12709030100334       1.593349460370254E-002  1.144979248600444E-003
   3.16053511705686       2.960368011485130E-002  7.485145319295900E-004
   3.19397993311037       4.133631111365564E-002  4.832871776088382E-004
   3.22742474916388       5.063410328518148E-002  3.081858715042279E-004
   3.26086956521739       5.715118108623150E-002  1.940986849903377E-004
   3.29431438127090       6.069626809727784E-002  1.207354699633990E-004
   3.32775919732441       6.122999725422094E-002  7.417363735347417E-005
   3.36120401337793       5.885664527678568E-002  4.500561411031423E-005
   3.39464882943144       5.381079567468422E-002  2.697032770451539E-005
   3.42809364548495       4.643961172508016E-002  1.596276685233977E-005
   3.46153846153846       3.718154841652462E-002  9.331093332956773E-006
   3.49498327759197       2.654244539015561E-002  5.387153025596019E-006
   3.52842809364548       1.507001761445475E-002  3.071768670713493E-006
   3.56187290969900       3.327794663227350E-003  1.729896488085946E-006
   3.59531772575251      -8.130447619546663E-003  9.621751653198164E-007
   3.62876254180602      -1.878476663429382E-002  5.285554863279416E-007
   3.66220735785953      -2.817073239420337E-002  2.867671781906118E-007
   3.69565217391304      -3.589791434587079E-002  1.536634984145212E-007
   3.72909698996656      -4.166453077121302E-002  8.132318995881328E-008
   3.76254180602007      -4.526778577567401E-002  4.250700547836496E-008
   3.79598662207358      -4.660960403418288E-002  2.194365830173278E-008
   3.82943143812709      -4.569766635900317E-002  1.118819349709406E-008
   3.86287625418060      -4.264184200242808E-002  5.633954319728165E-009
   3.89632107023411      -3.764629874501270E-002  2.802006186412780E-009
   3.92976588628763      -3.099774198475330E-002  1.376344887625706E-009
   3.96321070234114      -2.305038266074027E-002  6.677099900786066E-010
   3.99665551839465      -1.420835528610765E-002  3.199269972889518E-010
   4.03010033444816      -4.906397156254912E-003  1.513966695409707E-010
   4.06354515050167       4.410345209381649E-003  7.075940445391790E-011
   4.09698996655518       1.330649785201590E-002  3.266287676110666E-011
   4.13043478260870       2.137576309387444E-002  1.489111135784204E-011
   4.16387959866221       2.825853261745897E-002  6.705052863560568E-012
   4.19732441471572       3.365708381881991E-002  2.981808283799740E-012
   4.23076923076923       3.734774863259813E-002  1.309663257017568E-012
   4.26421404682274       3.918958298622453E-002  5.681224951064734E-013
   4.29765886287625       3.912922165281654E-002  2.434034579709492E-013
   4.33110367892977       3.720177085451199E-002  1.029944725300209E-013
   4.36454849498328       3.352776245585443E-002  4.304309657742528E-014
   4.39799331103679       2.830636182487845E-002  1.776623952736856E-014
   4.43143812709030       2.180517947299277E-002  7.242523855961730E-015
   4.46488294314381       1.434717794171926E-002  2.915994977001380E-015
   4.49832775919733       6.295284356865623E-003  1.159540773383889E-015
   4.53177257525084      -1.964589136450085E-003  4.553944078664244E-016
   4.56521739130435      -1.004135380532451E-002  1.766411070419517E-016
   4.59866220735786      -1.755659038195367E-002  6.767032748921864E-017
   4.63210702341137      -2.416164745225165E-002  2.560396320717887E-017
   4.66555183946488      -2.955324629531627E-002  9.567941833669811E-018
   4.69899665551839      -3.348691723203604E-002  3.531280971921021E-018
   4.73244147157191      -3.578769182561375E-002  1.287207133476223E-018
   4.76588628762542      -3.635759853748104E-002  4.634117243879421E-019
   4.79933110367893      -3.517965133519337E-002  1.647737450106803E-019
   4.83277591973244      -3.231817517721311E-002  5.786439591484228E-020
   4.86622073578595      -2.791547266715380E-002  2.006953223668867E-020
   4.89966555183947      -2.218499565771983E-002  6.874885874242744E-021
   4.93311036789298      -1.540133743237173E-002  2.325927382647109E-021
   4.96655518394649      -7.887498880991928E-003  7.771936182890333E-022
   5.00000000000000      -2.477261182924810E-016  2.564866208902140E-022
