  -5.00000000000000       0.000000000000000E+000  2.564866208902140E-022
  -4.96655518394649       1.958519589941768E-002  7.771936182890333E-022
  -4.93311036789298       3.862703418352302E-002  2.325927382647026E-021
  -4.89966555183946       5.659689964383972E-002  6.874885874242989E-021
  -4.86622073578595       7.299527091118531E-002  2.006953223668867E-020
  -4.83277591973244       8.736530008230739E-002  5.786439591484228E-020
  -4.79933110367893       9.930525973667237E-002  1.647737450106780E-019
  -4.76588628762542       0.108479525941102       4.634117243879487E-019
  -4.73244147157191       0.114627803866547       1.287207133476223E-018
  -4.69899665551839       0.117572348323383       3.531280971921021E-018
  -4.66555183946488       0.117222983693817       9.567941833669471E-018
  -4.63210702341137       0.113579785070825       2.560396320717960E-017
  -4.59866220735786       0.106733343437817       6.767032748921864E-017
  -4.56521739130435       9.686260088167686E-002  1.766411070419517E-016
  -4.53177257525084       8.423030550689803E-002  4.553944078664081E-016
  -4.49832775919732       6.917619827753602E-002  1.159540773383930E-015
  -4.46488294314381       5.210810384946663E-002  2.915994977001380E-015
  -4.43143812709030       3.349115302694258E-002  7.242523855961730E-015
  -4.39799331103679       1.383541434893440E-002  1.776623952736856E-014
  -4.36454849498328      -6.317744811937666E-003  4.304309657742621E-014
  -4.33110367892977      -2.641021249140335E-002  1.029944725300209E-013
  -4.29765886287625      -4.588222083635021E-002  2.434034579709492E-013
  -4.26421404682274      -6.418757237432900E-002  5.681224951064734E-013
  -4.23076923076923      -8.080860110635482E-002  1.309663257017545E-012
  -4.19732441471572      -9.527047018371348E-002  2.981808283799793E-012
  -4.16387959866221      -0.107154422714018       6.705052863560568E-012
  -4.13043478260870      -0.116109626973229       1.489111135784204E-011
  -4.09698996655518      -0.121863291392467       3.266287676110585E-011
  -4.06354515050167      -0.124228767316344       7.075940445391965E-011
  -4.03010033444816      -0.123111407649608       1.513966695409707E-010
  -3.99665551839465      -0.118512005884726       3.199269972889518E-010
  -3.96321070234114      -0.110527701235531       6.677099900785948E-010
  -3.92976588628763      -9.935030016437379E-002  1.376344887625730E-009
  -3.89632107023411      -8.526203086550430E-002  2.802006186412780E-009
  -3.86287625418060      -6.862881358893116E-002  5.633954319728165E-009
  -3.82943143812709      -4.989119438207618E-002  1.118819349709394E-008
  -3.79598662207358      -2.955315124982056E-002  2.194365830173309E-008
  -3.76254180602007      -8.169038320852209E-003  4.250700547836541E-008
  -3.72909698996656       1.367101609276070E-002  8.132318995881328E-008
  -3.69565217391304       3.535689894641496E-002  1.536634984145196E-007
  -3.66220735785953       5.627509682570654E-002  2.867671781906078E-007
  -3.62876254180602       7.582565823298962E-002  5.285554863279445E-007
  -3.59531772575251       9.343910270267695E-002  9.621751653198164E-007
  -3.56187290969900       0.108592842242582       1.729896488085939E-006
  -3.52842809364549       0.120826688043063       3.071768670713439E-006
  -3.49498327759197       0.129757033575919       5.387153025596115E-006
  -3.46153846153846       0.135089333737603       9.331093332956773E-006
  -3.42809364548495       0.136628537934547       1.596276685233977E-005
  -3.39464882943144       0.134287182076873       2.697032770451505E-005
  -3.36120401337793       0.128090899232870       4.500561411031479E-005
  -3.32775919732441       0.118181169896509       7.417363735347417E-005
  -3.29431438127090       0.104815198966179       1.207354699633990E-004
  -3.26086956521739       8.836287602789063E-002  1.940986849903356E-004
  -3.22742474916388       6.930084669388525E-002  3.081858715042311E-004
  -3.19397993311037       4.820379383284017E-002  4.832871776088382E-004
  -3.16053511705686       2.573309679932255E-002  7.485145319295900E-004
  -3.12709030100334       2.623102523310078E-003  1.144979248600437E-003
  -3.09364548494983      -2.033469707052879E-002  1.729806046499636E-003
  -3.06020066889632      -4.230923288667274E-002  2.581069042068892E-003
  -3.02675585284281      -6.244877734375456E-002  3.803682413677442E-003
  -2.99331103678930      -7.990078274809720E-002  5.536193883785100E-003
  -2.95986622073579      -9.383218149950751E-002  7.958308119748366E-003
  -2.92642140468227      -0.103449674397251       1.129880787119364E-002
  -2.89297658862876      -0.108019528686790       1.584334625684632E-002
  -2.85953177257525      -0.106886414278280       2.194136386689217E-002
  -2.82608695652174      -9.949082466889597E-002  3.001115717153937E-002
  -2.79264214046823      -8.538465813142965E-002  4.054191686396227E-002
  -2.75919732441472      -6.424457404413339E-002  5.409140123797474E-002
  -2.72575250836120      -3.588278793383785E-002  7.127785159645936E-002
  -2.69230769230769      -2.550257589893308E-004  9.276483702441612E-002
  -2.65886287625418       4.253457815785194E-002  0.119237973551242     
  -2.62541806020067       9.223178582704848E-002  0.151372925046672     
  -2.59197324414716       0.148433836091610       0.189794767624446     
  -2.55852842809365       0.210594298931517       0.235029666031882     
  -2.52508361204013       0.278031126120335       0.287450817018738     
  -2.49163879598662       0.349937746836941       0.347221674439602     
  -2.45819397993311       0.425396986158902       0.414240466920286     
  -2.42474916387960       0.503397518639701       0.488090813722939     
  -2.39130434782609       0.582852509966333       0.568003695234491     
  -2.35785953177258       0.662620048419078       0.652836013362296     
  -2.32441471571906       0.741524925734923       0.741070392951493     
  -2.29096989966555       0.818381295015308       0.830839694480836     
  -2.25752508361204       0.892015712280192       0.919977969951271     
  -2.22408026755853       0.961290058655099        1.00609741676258     
  -2.19063545150502        1.02512384221437        1.08668846193770     
  -2.15719063545151        1.08251539214188        1.15923769241165     
  -2.12374581939799        1.13256148278275        1.22135621670326     
  -2.09030100334448        1.17447496074941        1.27090947271491     
  -2.05685618729097        1.20759999366222        1.30613871338006     
  -2.02341137123746        1.23142461326342        1.32576455263354     
  -1.98996655518395        1.24559028725285        1.32906407732569     
  -1.95652173913043        1.24989832178527        1.31591504551838     
  -1.92307692307692        1.24431296853722        1.28680340351631     
  -1.88963210702341        1.22896118488484        1.24279347714762     
  -1.85618729096990        1.20412907126706        1.18546338672097     
  -1.82274247491639        1.17025508445492        1.11681114980457     
  -1.78929765886288        1.12792019745020        1.03913925876742     
  -1.75585284280936        1.07783524440435       0.954927016212623     
  -1.72240802675585        1.02082575070339       0.866700453109814     
  -1.68896321070234       0.957814602773212       0.776909232949700     
  -1.65551839464883       0.889802957971125       0.687818666203851     
  -1.62207357859532       0.817849831106593       0.601423021775582     
  -1.58862876254181       0.743050819871304       0.519383985845138     
  -1.55518394648829       0.666516446209825       0.442995665878426     
  -1.52173913043478       0.589350594144517       0.373175235365402     
  -1.48829431438127       0.512629516774258       0.310476382330818     
  -1.45484949832776       0.437381866359538       0.255121311686967     
  -1.42140468227425       0.364570172115048       0.207046228878515     
  -1.38795986622074       0.295074151333805       0.165954994056615     
  -1.35451505016722       0.229676191773964       0.131375911820483     
  -1.32107023411371       0.169049288065101       0.102717295545093     
  -1.28762541806020       0.113747653623928       7.931837808449259E-002
  -1.25418060200669       6.420016373858463E-002  6.049319039868774E-002
  -1.22073578595318       2.070671671577923E-002  4.556606970002570E-002
  -1.18729096989967      -1.656247002273670E-002  3.389838956647820E-002
  -1.15384615384615      -4.756468154836700E-002  2.490685993100353E-002
  -1.12040133779264      -7.237976477830088E-002  1.807429249945960E-002
  -1.08695652173913      -9.120260922028624E-002  1.295406434461907E-002
  -1.05351170568562      -0.104333291068299       9.169659504667070E-003
  -1.02006688963211      -0.112165174243937       6.410660600756954E-003
 -0.986622073578595      -0.115171305735603       4.426441977032637E-003
 -0.953177257525083      -0.113889477465367       3.018625125960518E-003
 -0.919732441471572      -0.108906352138286       2.033134010439777E-003
 -0.886287625418060      -0.100841065572128       1.352462536334531E-003
 -0.852842809364549      -9.032872259537487E-002  8.885602850016157E-004
 -0.819397993311036      -7.800419772861571E-002  5.765685751973296E-004
 -0.785953177257525      -6.448663578088738E-002  3.695025621925252E-004
 -0.752508361204013      -5.036502170376429E-002  2.338763761538274E-004
 -0.719063545150502      -3.618515429731258E-002  1.462034677070854E-004
 -0.685618729096990      -2.243831561860232E-002  9.026749838164382E-005
 -0.652173913043478      -9.551878365185338E-003  5.504369199370981E-005
 -0.618729096989966       2.117961582852981E-003  3.315019756348555E-005
 -0.585284280936455       1.229119942292745E-002  1.971819248403621E-005
 -0.551839464882943       2.076671610439728E-002  1.158378527022434E-005
 -0.518394648829432       2.742264958663353E-002  6.721037379993752E-006
 -0.484949832775920       3.221450069696865E-002  3.851452438595350E-006
 -0.451505016722408       3.517109115449723E-002  2.179792649743470E-006
 -0.418060200668896       3.638854705848608E-002  1.218451498754959E-006
 -0.384615384615385       3.602253164251300E-002  6.726725951653810E-007
 -0.351170568561873       3.427899509535672E-002  3.667766522877079E-007
 -0.317725752508361       3.140374564854995E-002  1.975159795981730E-007
 -0.284280936454850       2.767117403040258E-002  1.050524183862806E-007
 -0.250836120401337       2.337248211234183E-002  5.518436288279275E-008
 -0.217391304347826       1.880377568999109E-002  2.863155814894825E-008
 -0.183946488294314       1.425438066303955E-002  1.467403458243335E-008
 -0.150501672240803       9.995731473062220E-003  7.433269268891225E-009
 -0.117056856187291       6.271160847034473E-003  3.731107040905657E-009
 -8.361204013377943E-002  3.286891239548386E-003  1.876338253952016E-009
 -5.016722408026730E-002  1.204491659573766E-003  9.891469173279640E-010
 -1.672240802675606E-002  1.350198066571458E-004  6.345654731774658E-010
  1.672240802675606E-002  1.350198066572598E-004  6.345654731774658E-010
  5.016722408026730E-002  1.204491659573969E-003  9.891469173279640E-010
  8.361204013377943E-002  3.286891239548621E-003  1.876338253952016E-009
  0.117056856187291       6.271160847035315E-003  3.731107040905657E-009
  0.150501672240803       9.995731473063289E-003  7.433269268891225E-009
  0.183946488294314       1.425438066304090E-002  1.467403458243335E-008
  0.217391304347826       1.880377568999185E-002  2.863155814894825E-008
  0.250836120401337       2.337248211234294E-002  5.518436288279275E-008
  0.284280936454850       2.767117403040349E-002  1.050524183862806E-007
  0.317725752508361       3.140374564855089E-002  1.975159795981730E-007
  0.351170568561873       3.427899509535792E-002  3.667766522877079E-007
  0.384615384615385       3.602253164251457E-002  6.726725951653810E-007
  0.418060200668896       3.638854705848760E-002  1.218451498754959E-006
  0.451505016722408       3.517109115449914E-002  2.179792649743470E-006
  0.484949832775920       3.221450069697042E-002  3.851452438595350E-006
  0.518394648829432       2.742264958663456E-002  6.721037379993752E-006
  0.551839464882943       2.076671610439863E-002  1.158378527022434E-005
  0.585284280936455       1.229119942292853E-002  1.971819248403621E-005
  0.618729096989966       2.117961582854266E-003  3.315019756348555E-005
  0.652173913043478      -9.551878365183729E-003  5.504369199370981E-005
  0.685618729096990      -2.243831561860048E-002  9.026749838164382E-005
  0.719063545150502      -3.618515429731120E-002  1.462034677070854E-004
  0.752508361204013      -5.036502170376339E-002  2.338763761538274E-004
  0.785953177257525      -6.448663578088644E-002  3.695025621925252E-004
  0.819397993311036      -7.800419772861523E-002  5.765685751973296E-004
  0.852842809364549      -9.032872259537428E-002  8.885602850016157E-004
  0.886287625418060      -0.100841065572127       1.352462536334531E-003
  0.919732441471572      -0.108906352138286       2.033134010439777E-003
  0.953177257525083      -0.113889477465366       3.018625125960518E-003
  0.986622073578595      -0.115171305735603       4.426441977032637E-003
   1.02006688963211      -0.112165174243938       6.410660600756983E-003
   1.05351170568562      -0.104333291068299       9.169659504667070E-003
   1.08695652173913      -9.120260922028649E-002  1.295406434461911E-002
   1.12040133779264      -7.237976477830087E-002  1.807429249945960E-002
   1.15384615384615      -4.756468154836681E-002  2.490685993100366E-002
   1.18729096989967      -1.656247002273787E-002  3.389838956647820E-002
   1.22073578595318       2.070671671577847E-002  4.556606970002584E-002
   1.25418060200669       6.420016373858310E-002  6.049319039868774E-002
   1.28762541806020       0.113747653623928       7.931837808449284E-002
   1.32107023411371       0.169049288065099       0.102717295545093     
   1.35451505016722       0.229676191773963       0.131375911820483     
   1.38795986622074       0.295074151333802       0.165954994056614     
   1.42140468227425       0.364570172115047       0.207046228878515     
   1.45484949832776       0.437381866359536       0.255121311686966     
   1.48829431438127       0.512629516774256       0.310476382330818     
   1.52173913043478       0.589350594144514       0.373175235365401     
   1.55518394648829       0.666516446209822       0.442995665878426     
   1.58862876254181       0.743050819871301       0.519383985845137     
   1.62207357859532       0.817849831106592       0.601423021775582     
   1.65551839464883       0.889802957971123       0.687818666203850     
   1.68896321070234       0.957814602773211       0.776909232949700     
   1.72240802675585        1.02082575070340       0.866700453109815     
   1.75585284280936        1.07783524440435       0.954927016212623     
   1.78929765886288        1.12792019745020        1.03913925876742     
   1.82274247491639        1.17025508445492        1.11681114980457     
   1.85618729096990        1.20412907126706        1.18546338672097     
   1.88963210702341        1.22896118488484        1.24279347714762     
   1.92307692307692        1.24431296853722        1.28680340351631     
   1.95652173913043        1.24989832178527        1.31591504551838     
   1.98996655518395        1.24559028725285        1.32906407732569     
   2.02341137123746        1.23142461326343        1.32576455263354     
   2.05685618729097        1.20759999366222        1.30613871338006     
   2.09030100334448        1.17447496074942        1.27090947271491     
   2.12374581939799        1.13256148278275        1.22135621670326     
   2.15719063545150        1.08251539214188        1.15923769241165     
   2.19063545150502        1.02512384221437        1.08668846193770     
   2.22408026755853       0.961290058655102        1.00609741676259     
   2.25752508361204       0.892015712280194       0.919977969951271     
   2.29096989966555       0.818381295015310       0.830839694480837     
   2.32441471571906       0.741524925734924       0.741070392951493     
   2.35785953177258       0.662620048419080       0.652836013362294     
   2.39130434782609       0.582852509966334       0.568003695234491     
   2.42474916387960       0.503397518639701       0.488090813722938     
   2.45819397993311       0.425396986158904       0.414240466920286     
   2.49163879598662       0.349937746836941       0.347221674439602     
   2.52508361204013       0.278031126120336       0.287450817018738     
   2.55852842809365       0.210594298931517       0.235029666031881     
   2.59197324414716       0.148433836091611       0.189794767624446     
   2.62541806020067       9.223178582704861E-002  0.151372925046671     
   2.65886287625418       4.253457815785245E-002  0.119237973551242     
   2.69230769230769      -2.550257589893635E-004  9.276483702441612E-002
   2.72575250836120      -3.588278793383707E-002  7.127785159645968E-002
   2.75919732441472      -6.424457404413354E-002  5.409140123797474E-002
   2.79264214046823      -8.538465813142959E-002  4.054191686396242E-002
   2.82608695652174      -9.949082466889590E-002  3.001115717153937E-002
   2.85953177257525      -0.106886414278281       2.194136386689225E-002
   2.89297658862876      -0.108019528686791       1.584334625684632E-002
   2.92642140468227      -0.103449674397252       1.129880787119371E-002
   2.95986622073579      -9.383218149950817E-002  7.958308119748366E-003
   2.99331103678930      -7.990078274809867E-002  5.536193883785126E-003
   3.02675585284281      -6.244877734375582E-002  3.803682413677442E-003
   3.06020066889632      -4.230923288667331E-002  2.581069042068881E-003
   3.09364548494983      -2.033469707052861E-002  1.729806046499616E-003
   3.12709030100334       2.623102523309049E-003  1.144979248600444E-003
   3.16053511705686       2.573309679932040E-002  7.485145319295900E-004
   3.19397993311037       4.820379383283867E-002  4.832871776088382E-004
   3.22742474916388       6.930084669388445E-002  3.081858715042279E-004
   3.26086956521739       8.836287602788848E-002  1.940986849903377E-004
   3.29431438127090       0.104815198966177       1.207354699633990E-004
   3.32775919732441       0.118181169896507       7.417363735347417E-005
   3.36120401337793       0.128090899232869       4.500561411031423E-005
   3.39464882943144       0.134287182076872       2.697032770451539E-005
   3.42809364548495       0.136628537934545       1.596276685233977E-005
   3.46153846153846       0.135089333737602       9.331093332956773E-006
   3.49498327759197       0.129757033575917       5.387153025596019E-006
   3.52842809364548       0.120826688043062       3.071768670713493E-006
   3.56187290969900       0.108592842242581       1.729896488085946E-006
   3.59531772575251       9.343910270267546E-002  9.621751653198164E-007
   3.62876254180602       7.582565823298840E-002  5.285554863279416E-007
   3.66220735785953       5.627509682570689E-002  2.867671781906118E-007
   3.69565217391304       3.535689894641515E-002  1.536634984145212E-007
   3.72909698996656       1.367101609276116E-002  8.132318995881328E-008
   3.76254180602007      -8.169038320851599E-003  4.250700547836496E-008
   3.79598662207358      -2.955315124982068E-002  2.194365830173278E-008
   3.82943143812709      -4.989119438207515E-002  1.118819349709406E-008
   3.86287625418060      -6.862881358893129E-002  5.633954319728165E-009
   3.89632107023411      -8.526203086550395E-002  2.802006186412780E-009
   3.92976588628763      -9.935030016437410E-002  1.376344887625706E-009
   3.96321070234114      -0.110527701235530       6.677099900786066E-010
   3.99665551839465      -0.118512005884725       3.199269972889518E-010
   4.03010033444816      -0.123111407649607       1.513966695409707E-010
   4.06354515050167      -0.124228767316343       7.075940445391790E-011
   4.09698996655518      -0.121863291392466       3.266287676110666E-011
   4.13043478260870      -0.116109626973228       1.489111135784204E-011
   4.16387959866221      -0.107154422714018       6.705052863560568E-012
   4.19732441471572      -9.527047018371311E-002  2.981808283799740E-012
   4.23076923076923      -8.080860110635477E-002  1.309663257017568E-012
   4.26421404682274      -6.418757237432828E-002  5.681224951064734E-013
   4.29765886287625      -4.588222083634922E-002  2.434034579709492E-013
   4.33110367892977      -2.641021249140257E-002  1.029944725300209E-013
   4.36454849498328      -6.317744811936505E-003  4.304309657742528E-014
   4.39799331103679       1.383541434893526E-002  1.776623952736856E-014
   4.43143812709030       3.349115302694331E-002  7.242523855961730E-015
   4.46488294314381       5.210810384946767E-002  2.915994977001380E-015
   4.49832775919733       6.917619827753708E-002  1.159540773383889E-015
   4.53177257525084       8.423030550689793E-002  4.553944078664244E-016
   4.56521739130435       9.686260088167697E-002  1.766411070419517E-016
   4.59866220735786       0.106733343437817       6.767032748921864E-017
   4.63210702341137       0.113579785070825       2.560396320717887E-017
   4.66555183946488       0.117222983693817       9.567941833669811E-018
   4.69899665551839       0.117572348323383       3.531280971921021E-018
   4.73244147157191       0.114627803866546       1.287207133476223E-018
   4.76588628762542       0.108479525941101       4.634117243879421E-019
   4.79933110367893       9.930525973667179E-002  1.647737450106803E-019
   4.83277591973244       8.736530008230613E-002  5.786439591484228E-020
   4.86622073578595       7.299527091118471E-002  2.006953223668867E-020
   4.89966555183947       5.659689964383875E-002  6.874885874242744E-021
   4.93311036789298       3.862703418352200E-002  2.325927382647109E-021
   4.96655518394649       1.958519589941684E-002  7.771936182890333E-022
   5.00000000000000       1.652224638002278E-017  2.564866208902140E-022
