  -5.00000000000000       0.000000000000000E+000  2.564866208902140E-022
  -4.96655518394649       1.275021979670781E-003  7.771936182890333E-022
  -4.93311036789298       2.417195986286612E-003  2.325927382647026E-021
  -4.89966555183946       3.307339865447140E-003  6.874885874242989E-021
  -4.86622073578595       3.852215338402968E-003  2.006953223668867E-020
  -4.83277591973244       3.994169662841245E-003  5.786439591484228E-020
  -4.79933110367893       3.717156744030454E-003  1.647737450106780E-019
  -4.76588628762542       3.048517178963071E-003  4.634117243879487E-019
  -4.73244147157191       2.056323445897744E-003  1.287207133476223E-018
  -4.69899665551839       8.425438843991523E-004  3.531280971921021E-018
  -4.66555183946488      -4.672973144923413E-004  9.567941833669471E-018
  -4.63210702341137      -1.736929520856653E-003  2.560396320717960E-017
  -4.59866220735786      -2.833324690594307E-003  6.767032748921864E-017
  -4.56521739130435      -3.640449167052384E-003  1.766411070419517E-016
  -4.53177257525084      -4.071375962565785E-003  4.553944078664081E-016
  -4.49832775919732      -4.077510804554546E-003  1.159540773383930E-015
  -4.46488294314381      -3.653967322232670E-003  2.915994977001380E-015
  -4.43143812709030      -2.840508161719159E-003  7.242523855961730E-015
  -4.39799331103679      -1.717912291536943E-003  1.776623952736856E-014
  -4.36454849498328      -4.000905630064678E-004  4.304309657742621E-014
  -4.33110367892977       9.772942344961936E-004  1.029944725300209E-013
  -4.29765886287625       2.270583703029319E-003  2.434034579709492E-013
  -4.26421404682274       3.342882898987164E-003  5.681224951064734E-013
  -4.23076923076923       4.078329016460640E-003  1.309663257017545E-012
  -4.19732441471572       4.394405822741232E-003  2.981808283799793E-012
  -4.16387959866221       4.251016983840306E-003  6.705052863560568E-012
  -4.13043478260870       3.655340569445869E-003  1.489111135784204E-011
  -4.09698996655518       2.661899379583931E-003  3.266287676110585E-011
  -4.06354515050167       1.367757681392685E-003  7.075940445391965E-011
  -4.03010033444816      -9.675204574944645E-005  1.513966695409707E-010
  -3.99665551839465      -1.580907664104225E-003  3.199269972889518E-010
  -3.96321070234114      -2.928834008876256E-003  6.677099900785948E-010
  -3.92976588628763      -3.995586106044838E-003  1.376344887625730E-009
  -3.89632107023411      -4.662450189672576E-003  2.802006186412780E-009
  -3.86287625418060      -4.849878116938866E-003  5.633954319728165E-009
  -3.82943143812709      -4.526675833787109E-003  1.118819349709394E-008
  -3.79598662207358      -3.714415316792889E-003  2.194365830173309E-008
  -3.76254180602007      -2.486500343294265E-003  4.250700547836541E-008
  -3.72909698996656      -9.618461154708630E-004  8.132318995881328E-008
  -3.69565217391304       7.063200863970261E-004  1.536634984145196E-007
  -3.66220735785953       2.345519731445754E-003  2.867671781906078E-007
  -3.62876254180602       3.781506497998596E-003  5.285554863279445E-007
  -3.59531772575251       4.856445907769907E-003  9.621751653198164E-007
  -3.56187290969900       5.445943722755781E-003  1.729896488085939E-006
  -3.52842809364549       5.473138884669513E-003  3.071768670713439E-006
  -3.49498327759197       4.918324046752245E-003  5.387153025596115E-006
  -3.46153846153846       3.822969953680748E-003  9.331093332956773E-006
  -3.42809364548495       2.287574042625684E-003  1.596276685233977E-005
  -3.39464882943144       4.633795945437654E-004  2.697032770451505E-005
  -3.36120401337793      -1.461339313425158E-003  4.500561411031479E-005
  -3.32775919732441      -3.279123289127607E-003  7.417363735347417E-005
  -3.29431438127090      -4.783493658334396E-003  1.207354699633990E-004
  -3.26086956521739      -5.789280124781622E-003  1.940986849903356E-004
  -3.22742474916388      -6.150801092326842E-003  3.081858715042311E-004
  -3.19397993311037      -5.775661413567012E-003  4.832871776088382E-004
  -3.16053511705686      -4.632234470434066E-003  7.485145319295900E-004
  -3.12709030100334      -2.749409362743705E-003  1.144979248600437E-003
  -3.09364548494983      -2.078722949847336E-004  1.729806046499636E-003
  -3.06020066889632       2.877001248558751E-003  2.581069042068892E-003
  -3.02675585284281       6.379709144573586E-003  3.803682413677442E-003
  -2.99331103678930       1.019487435391335E-002  5.536193883785100E-003
  -2.95986622073579       1.427069316811528E-002  7.958308119748366E-003
  -2.92642140468227       1.864253746841083E-002  1.129880787119364E-002
  -2.89297658862876       2.346335541934486E-002  1.584334625684632E-002
  -2.85953177257525       2.902748070955342E-002  2.194136386689217E-002
  -2.82608695652174       3.578472426498039E-002  3.001115717153937E-002
  -2.79264214046823       4.434217861764000E-002  4.054191686396227E-002
  -2.75919732441472       5.545198266692319E-002  5.409140123797474E-002
  -2.72575250836120       6.998431856105251E-002  7.127785159645936E-002
  -2.69230769230769       8.888606813657624E-002  9.276483702441612E-002
  -2.65886287625418       0.113126754866576       0.119237973551242     
  -2.62541806020067       0.143634542483190       0.151372925046672     
  -2.59197324414716       0.181226057877870       0.189794767624446     
  -2.55852842809365       0.226534566628652       0.235029666031882     
  -2.52508361204013       0.279941483619184       0.287450817018738     
  -2.49163879598662       0.341516299983006       0.347221674439602     
  -2.45819397993311       0.410969729069295       0.414240466920286     
  -2.42474916387960       0.487624225499363       0.488090813722939     
  -2.39130434782609       0.570405049128035       0.568003695234491     
  -2.35785953177258       0.657853793231851       0.652836013362296     
  -2.32441471571906       0.748164859300240       0.741070392951493     
  -2.29096989966555       0.839243841174049       0.830839694480836     
  -2.25752508361204       0.928785288940182       0.919977969951271     
  -2.22408026755853        1.01436596764338        1.00609741676258     
  -2.19063545150502        1.09354860836752        1.08668846193770     
  -2.15719063545151        1.16399035368025        1.15923769241165     
  -2.12374581939799        1.22354968659047        1.22135621670326     
  -2.09030100334448        1.27038563468352        1.27090947271491     
  -2.05685618729097        1.30304346093943        1.30613871338006     
  -2.02341137123746        1.32052186105675        1.32576455263354     
  -1.98996655518395        1.32231782651798        1.32906407732569     
  -1.95652173913043        1.30844672174309        1.31591504551838     
  -1.92307692307692        1.27943666342641        1.28680340351631     
  -1.88963210702341        1.23629787150918        1.24279347714762     
  -1.85618729096990        1.18046917357885        1.18546338672097     
  -1.82274247491639        1.11374518398240        1.11681114980457     
  -1.78929765886288        1.03818875630781        1.03913925876742     
  -1.75585284280936       0.956034054845129       0.954927016212623     
  -1.72240802675585       0.869585964622292       0.866700453109814     
  -1.68896321070234       0.781121546367680       0.776909232949700     
  -1.65551839464883       0.692798856670246       0.687818666203851     
  -1.62207357859532       0.606577735791130       0.601423021775582     
  -1.58862876254181       0.524156179887478       0.519383985845138     
  -1.55518394648829       0.446924741820820       0.442995665878426     
  -1.52173913043478       0.375940136544915       0.373175235365402     
  -1.48829431438127       0.311917957547129       0.310476382330818     
  -1.45484949832776       0.255243229785930       0.255121311686967     
  -1.42140468227425       0.205996510719519       0.207046228878515     
  -1.38795986622074       0.163992466342056       0.165954994056615     
  -1.35451505016722       0.128827334906473       0.131375911820483     
  -1.32107023411371       9.993146560945781E-002  0.102717295545093     
  -1.28762541806020       7.662317823533071E-002  7.931837808449259E-002
  -1.25418060200669       5.816050644876050E-002  6.049319039868774E-002
  -1.22073578595318       4.378791781933422E-002  4.556606970002570E-002
  -1.18729096989967       3.277578999898389E-002  3.389838956647820E-002
  -1.15384615384615       2.445119901987149E-002  2.490685993100353E-002
  -1.12040133779264       1.821937457859077E-002  1.807429249945960E-002
  -1.08695652173913       1.357593414998490E-002  1.295406434461907E-002
  -1.05351170568562       1.011066721240849E-002  9.169659504667070E-003
  -1.02006688963211       7.504159832914726E-003  6.410660600756954E-003
 -0.986622073578595       5.518900805434328E-003  4.426441977032637E-003
 -0.953177257525083       3.986682489333658E-003  3.018625125960518E-003
 -0.919732441471572       2.794107752014495E-003  2.033134010439777E-003
 -0.886287625418060       1.867858799393398E-003  1.352462536334531E-003
 -0.852842809364549       1.161105628219332E-003  8.885602850016157E-004
 -0.819397993311036       6.420706731182283E-004  5.765685751973296E-004
 -0.785953177257525       2.853649318525426E-004  3.695025621925252E-004
 -0.752508361204013       6.631182915180450E-005  2.338763761538274E-004
 -0.719063545150502      -4.188377280062159E-005  1.462034677070854E-004
 -0.685618729096990      -6.855248204300236E-005  9.026749838164382E-005
 -0.652173913043478      -4.419209930199032E-005  5.504369199370981E-005
 -0.618729096989966       1.958935870528935E-006  3.315019756348555E-005
 -0.585284280936455       4.467938940473622E-005  1.971819248403621E-005
 -0.551839464882943       6.521340134664728E-005  1.158378527022434E-005
 -0.518394648829432       5.292036067673350E-005  6.721037379993752E-006
 -0.484949832775920       5.831533295939430E-006  3.851452438595350E-006
 -0.451505016722408      -6.997373729039741E-005  2.179792649743470E-006
 -0.418060200668896      -1.620638919538538E-004  1.218451498754959E-006
 -0.384615384615385      -2.541540710802232E-004  6.726725951653810E-007
 -0.351170568561873      -3.290301107201688E-004  3.667766522877079E-007
 -0.317725752508361      -3.714717921651111E-004  1.975159795981730E-007
 -0.284280936454850      -3.707642503128533E-004  1.050524183862806E-007
 -0.250836120401337      -3.224576192474113E-004  5.518436288279275E-008
 -0.217391304347826      -2.291499709081744E-004  2.863155814894825E-008
 -0.183946488294314      -1.002100733130990E-004  1.467403458243335E-008
 -0.150501672240803       4.949526914506865E-005  7.433269268891225E-009
 -0.117056856187291       2.016692310399419E-004  3.731107040905657E-009
 -8.361204013377943E-002  3.371432372946608E-004  1.876338253952016E-009
 -5.016722408026730E-002  4.385585671459405E-004  9.891469173279640E-010
 -1.672240802675606E-002  4.927928985771850E-004  6.345654731774658E-010
  1.672240802675606E-002  4.927928985770155E-004  6.345654731774658E-010
  5.016722408026730E-002  4.385585671454417E-004  9.891469173279640E-010
  8.361204013377943E-002  3.371432372936858E-004  1.876338253952016E-009
  0.117056856187291       2.016692310391816E-004  3.731107040905657E-009
  0.150501672240803       4.949526914423068E-005  7.433269268891225E-009
  0.183946488294314      -1.002100733140902E-004  1.467403458243335E-008
  0.217391304347826      -2.291499709094552E-004  2.863155814894825E-008
  0.250836120401337      -3.224576192488327E-004  5.518436288279275E-008
  0.284280936454850      -3.707642503145608E-004  1.050524183862806E-007
  0.317725752508361      -3.714717921662982E-004  1.975159795981730E-007
  0.351170568561873      -3.290301107211559E-004  3.667766522877079E-007
  0.384615384615385      -2.541540710805395E-004  6.726725951653810E-007
  0.418060200668896      -1.620638919545323E-004  1.218451498754959E-006
  0.451505016722408      -6.997373729036464E-005  2.179792649743470E-006
  0.484949832775920       5.831533296041247E-006  3.851452438595350E-006
  0.518394648829432       5.292036067652101E-005  6.721037379993752E-006
  0.551839464882943       6.521340134668370E-005  1.158378527022434E-005
  0.585284280936455       4.467938940467495E-005  1.971819248403621E-005
  0.618729096989966       1.958935870807595E-006  3.315019756348555E-005
  0.652173913043478      -4.419209930108289E-005  5.504369199370981E-005
  0.685618729096990      -6.855248204194799E-005  9.026749838164382E-005
  0.719063545150502      -4.188377279957103E-005  1.462034677070854E-004
  0.752508361204013       6.631182915251989E-005  2.338763761538274E-004
  0.785953177257525       2.853649318536019E-004  3.695025621925252E-004
  0.819397993311036       6.420706731187128E-004  5.765685751973296E-004
  0.852842809364549       1.161105628220147E-003  8.885602850016157E-004
  0.886287625418060       1.867858799394955E-003  1.352462536334531E-003
  0.919732441471572       2.794107752015898E-003  2.033134010439777E-003
  0.953177257525083       3.986682489334873E-003  3.018625125960518E-003
  0.986622073578595       5.518900805435498E-003  4.426441977032637E-003
   1.02006688963211       7.504159832915027E-003  6.410660600756983E-003
   1.05351170568562       1.011066721240928E-002  9.169659504667070E-003
   1.08695652173913       1.357593414998521E-002  1.295406434461911E-002
   1.12040133779264       1.821937457859133E-002  1.807429249945960E-002
   1.15384615384615       2.445119901987217E-002  2.490685993100366E-002
   1.18729096989967       3.277578999898300E-002  3.389838956647820E-002
   1.22073578595318       4.378791781933321E-002  4.556606970002584E-002
   1.25418060200669       5.816050644875873E-002  6.049319039868774E-002
   1.28762541806020       7.662317823532933E-002  7.931837808449284E-002
   1.32107023411371       9.993146560945509E-002  0.102717295545093     
   1.35451505016722       0.128827334906470       0.131375911820483     
   1.38795986622074       0.163992466342052       0.165954994056614     
   1.42140468227425       0.205996510719516       0.207046228878515     
   1.45484949832776       0.255243229785926       0.255121311686966     
   1.48829431438127       0.311917957547125       0.310476382330818     
   1.52173913043478       0.375940136544911       0.373175235365401     
   1.55518394648829       0.446924741820818       0.442995665878426     
   1.58862876254181       0.524156179887475       0.519383985845137     
   1.62207357859532       0.606577735791128       0.601423021775582     
   1.65551839464883       0.692798856670244       0.687818666203850     
   1.68896321070234       0.781121546367680       0.776909232949700     
   1.72240802675585       0.869585964622294       0.866700453109815     
   1.75585284280936       0.956034054845129       0.954927016212623     
   1.78929765886288        1.03818875630781        1.03913925876742     
   1.82274247491639        1.11374518398241        1.11681114980457     
   1.85618729096990        1.18046917357885        1.18546338672097     
   1.88963210702341        1.23629787150918        1.24279347714762     
   1.92307692307692        1.27943666342641        1.28680340351631     
   1.95652173913043        1.30844672174309        1.31591504551838     
   1.98996655518395        1.32231782651798        1.32906407732569     
   2.02341137123746        1.32052186105675        1.32576455263354     
   2.05685618729097        1.30304346093944        1.30613871338006     
   2.09030100334448        1.27038563468352        1.27090947271491     
   2.12374581939799        1.22354968659047        1.22135621670326     
   2.15719063545150        1.16399035368025        1.15923769241165     
   2.19063545150502        1.09354860836752        1.08668846193770     
   2.22408026755853        1.01436596764338        1.00609741676259     
   2.25752508361204       0.928785288940184       0.919977969951271     
   2.29096989966555       0.839243841174051       0.830839694480837     
   2.32441471571906       0.748164859300241       0.741070392951493     
   2.35785953177258       0.657853793231853       0.652836013362294     
   2.39130434782609       0.570405049128037       0.568003695234491     
   2.42474916387960       0.487624225499363       0.488090813722938     
   2.45819397993311       0.410969729069297       0.414240466920286     
   2.49163879598662       0.341516299983007       0.347221674439602     
   2.52508361204013       0.279941483619184       0.287450817018738     
   2.55852842809365       0.226534566628651       0.235029666031881     
   2.59197324414716       0.181226057877870       0.189794767624446     
   2.62541806020067       0.143634542483188       0.151372925046671     
   2.65886287625418       0.113126754866575       0.119237973551242     
   2.69230769230769       8.888606813657424E-002  9.276483702441612E-002
   2.72575250836120       6.998431856105133E-002  7.127785159645968E-002
   2.75919732441472       5.545198266692144E-002  5.409140123797474E-002
   2.79264214046823       4.434217861763842E-002  4.054191686396242E-002
   2.82608695652174       3.578472426497888E-002  3.001115717153937E-002
   2.85953177257525       2.902748070955141E-002  2.194136386689225E-002
   2.89297658862876       2.346335541934340E-002  1.584334625684632E-002
   2.92642140468227       1.864253746841028E-002  1.129880787119371E-002
   2.95986622073579       1.427069316811493E-002  7.958308119748366E-003
   2.99331103678930       1.019487435391297E-002  5.536193883785126E-003
   3.02675585284281       6.379709144573560E-003  3.803682413677442E-003
   3.06020066889632       2.877001248559413E-003  2.581069042068881E-003
   3.09364548494983      -2.078722949834197E-004  1.729806046499616E-003
   3.12709030100334      -2.749409362742670E-003  1.144979248600444E-003
   3.16053511705686      -4.632234470434062E-003  7.485145319295900E-004
   3.19397993311037      -5.775661413566756E-003  4.832871776088382E-004
   3.22742474916388      -6.150801092326595E-003  3.081858715042279E-004
   3.26086956521739      -5.789280124781869E-003  1.940986849903377E-004
   3.29431438127090      -4.783493658334740E-003  1.207354699633990E-004
   3.32775919732441      -3.279123289127873E-003  7.417363735347417E-005
   3.36120401337793      -1.461339313425647E-003  4.500561411031423E-005
   3.39464882943144       4.633795945429845E-004  2.697032770451539E-005
   3.42809364548495       2.287574042624120E-003  1.596276685233977E-005
   3.46153846153846       3.822969953679438E-003  9.331093332956773E-006
   3.49498327759197       4.918324046751027E-003  5.387153025596019E-006
   3.52842809364548       5.473138884668488E-003  3.071768670713493E-006
   3.56187290969900       5.445943722754996E-003  1.729896488085946E-006
   3.59531772575251       4.856445907769002E-003  9.621751653198164E-007
   3.62876254180602       3.781506497998508E-003  5.285554863279416E-007
   3.66220735785953       2.345519731446447E-003  2.867671781906118E-007
   3.69565217391304       7.063200863982648E-004  1.536634984145212E-007
   3.72909698996656      -9.618461154689430E-004  8.132318995881328E-008
   3.76254180602007      -2.486500343291750E-003  4.250700547836496E-008
   3.79598662207358      -3.714415316790959E-003  2.194365830173278E-008
   3.82943143812709      -4.526675833784633E-003  1.118819349709406E-008
   3.86287625418060      -4.849878116937505E-003  5.633954319728165E-009
   3.89632107023411      -4.662450189670907E-003  2.802006186412780E-009
   3.92976588628763      -3.995586106043673E-003  1.376344887625706E-009
   3.96321070234114      -2.928834008875643E-003  6.677099900786066E-010
   3.99665551839465      -1.580907664103278E-003  3.199269972889518E-010
   4.03010033444816      -9.675204574881635E-005  1.513966695409707E-010
   4.06354515050167       1.367757681393207E-003  7.075940445391790E-011
   4.09698996655518       2.661899379583916E-003  3.266287676110666E-011
   4.13043478260870       3.655340569445678E-003  1.489111135784204E-011
   4.16387959866221       4.251016983839009E-003  6.705052863560568E-012
   4.19732441471572       4.394405822740154E-003  2.981808283799740E-012
   4.23076923076923       4.078329016460180E-003  1.309663257017568E-012
   4.26421404682274       3.342882898987126E-003  5.681224951064734E-013
   4.29765886287625       2.270583703029867E-003  2.434034579709492E-013
   4.33110367892977       9.772942344967784E-004  1.029944725300209E-013
   4.36454849498328      -4.000905630058108E-004  4.304309657742528E-014
   4.39799331103679      -1.717912291536311E-003  1.776623952736856E-014
   4.43143812709030      -2.840508161718150E-003  7.242523855961730E-015
   4.46488294314381      -3.653967322231880E-003  2.915994977001380E-015
   4.49832775919733      -4.077510804553874E-003  1.159540773383889E-015
   4.53177257525084      -4.071375962565896E-003  4.553944078664244E-016
   4.56521739130435      -3.640449167053392E-003  1.766411070419517E-016
   4.59866220735786      -2.833324690595564E-003  6.767032748921864E-017
   4.63210702341137      -1.736929520858086E-003  2.560396320717887E-017
   4.66555183946488      -4.672973144939576E-004  9.567941833669811E-018
   4.69899665551839       8.425438843971281E-004  3.531280971921021E-018
   4.73244147157191       2.056323445894696E-003  1.287207133476223E-018
   4.76588628762542       3.048517178959445E-003  4.634117243879421E-019
   4.79933110367893       3.717156744026978E-003  1.647737450106803E-019
   4.83277591973244       3.994169662837136E-003  5.786439591484228E-020
   4.86622073578595       3.852215338400464E-003  2.006953223668867E-020
   4.89966555183947       3.307339865444771E-003  6.874885874242744E-021
   4.93311036789298       2.417195986284126E-003  2.325927382647109E-021
   4.96655518394649       1.275021979668901E-003  7.771936182890333E-022
   5.00000000000000      -8.668139474826829E-017  2.564866208902140E-022
