  -5.00000000000000       0.000000000000000E+000  2.564866208902140E-022
  -4.96655518394649      -4.488388753411923E-003  7.771936182890333E-022
  -4.93311036789298      -8.644908177956743E-003  2.325927382647026E-021
  -4.89966555183946      -1.216212183739438E-002  6.874885874242989E-021
  -4.86622073578595      -1.477966905455619E-002  2.006953223668867E-020
  -4.83277591973244      -1.630345810765906E-002  5.786439591484228E-020
  -4.79933110367893      -1.662000144468573E-002  1.647737450106780E-019
  -4.76588628762542      -1.570483869869958E-002  4.634117243879487E-019
  -4.73244147157191      -1.362442450790686E-002  1.287207133476223E-018
  -4.69899665551839      -1.053133524850708E-002  3.531280971921021E-018
  -4.66555183946488      -6.653137172863802E-003  9.567941833669471E-018
  -4.63210702341137      -2.275722638112667E-003  2.560396320717960E-017
  -4.59866220735786       2.277672672936541E-003  6.767032748921864E-017
  -4.56521739130435       6.670240050893931E-003  1.766411070419517E-016
  -4.53177257525084       1.057641651296296E-002  4.553944078664081E-016
  -4.49832775919732       1.370593176894806E-002  1.159540773383930E-015
  -4.46488294314381       1.582531466569979E-002  2.915994977001380E-015
  -4.43143812709030       1.677527124564687E-002  7.242523855961730E-015
  -4.39799331103679       1.648264407692674E-002  1.776623952736856E-014
  -4.36454849498328       1.496605546472600E-002  4.304309657742621E-014
  -4.33110367892977       1.233479730146109E-002  1.029944725300209E-013
  -4.29765886287625       8.781024418776916E-003  2.434034579709492E-013
  -4.26421404682274       4.565800501716637E-003  5.681224951064734E-013
  -4.23076923076923       1.309716701782731E-012  1.309663257017545E-012
  -4.19732441471572      -4.578547329757010E-003  2.981808283799793E-012
  -4.16387959866221      -8.829999043981773E-003  6.705052863560568E-012
  -4.13043478260870      -1.243769681504632E-002  1.489111135784204E-011
  -4.09698996655518      -1.513175542454433E-002  3.266287676110585E-011
  -4.06354515050167      -1.670928942516391E-002  7.075940445391965E-011
  -4.03010033444816      -1.704976031343821E-002  1.513966695409707E-010
  -3.99665551839465      -1.612427778637508E-002  3.199269972889518E-010
  -3.96321070234114      -1.399812804256898E-002  6.677099900785948E-010
  -3.92976588628763      -1.082629866929468E-002  1.376344887625730E-009
  -3.89632107023411      -6.842287513151224E-003  2.802006186412780E-009
  -3.86287625418060      -2.340984229077540E-003  5.633954319728165E-009
  -3.82943143812709       2.343139090438719E-003  1.118819349709394E-008
  -3.79598662207358       6.860931229434605E-003  2.194365830173309E-008
  -3.76254180602007       1.087471627402832E-002  4.250700547836541E-008
  -3.72909698996656       1.408374474841535E-002  8.132318995881328E-008
  -3.69565217391304       1.624701980812063E-002  1.536634984145196E-007
  -3.66220735785953       1.720175354755214E-002  2.867671781906078E-007
  -3.62876254180602       1.687601829317378E-002  5.285554863279445E-007
  -3.59531772575251       1.529457994153276E-002  9.621751653198164E-007
  -3.56187290969900       1.257740570582503E-002  1.729896488085939E-006
  -3.52842809364549       8.930891244128276E-003  3.071768670713439E-006
  -3.49498327759197       4.632412158994154E-003  5.387153025596115E-006
  -3.46153846153846       9.331093332806132E-006  9.331093332956773E-006
  -3.42809364548495      -4.585955447137671E-003  1.596276685233977E-005
  -3.39464882943144      -8.803001886855394E-003  2.697032770451505E-005
  -3.36120401337793      -1.232019313896968E-002  4.500561411031479E-005
  -3.32775919732441      -1.486932896152636E-002  7.417363735347417E-005
  -3.29431438127090      -1.625583309918542E-002  1.207354699633990E-004
  -3.26086956521739      -1.637277670306737E-002  1.940986849903356E-004
  -3.22742474916388      -1.520731953202089E-002  3.081858715042311E-004
  -3.19397993311037      -1.283870520932776E-002  4.832871776088382E-004
  -3.16053511705686      -9.427563468470873E-003  7.485145319295900E-004
  -3.12709030100334      -5.196931117254958E-003  1.144979248600437E-003
  -3.09364548494983      -4.060585113817522E-004  1.729806046499636E-003
  -3.06020066889632       4.681327227417631E-003  2.581069042068892E-003
  -3.02675585284281       9.832121852282182E-003  3.803682413677442E-003
  -2.99331103678930       1.487975151863209E-002  5.536193883785100E-003
  -2.95986622073579       1.975812433852531E-002  7.958308119748366E-003
  -2.92642140468227       2.453083947904578E-002  1.129880787119364E-002
  -2.89297658862876       2.941303934988766E-002  1.584334625684632E-002
  -2.85953177257525       3.478365244446589E-002  2.194136386689217E-002
  -2.82608695652174       4.118630870718441E-002  3.001115717153937E-002
  -2.79264214046823       4.931788604078183E-002  4.054191686396227E-002
  -2.75919732441472       6.000442545407599E-002  5.409140123797474E-002
  -2.72575250836120       7.416498511671586E-002  7.127785159645936E-002
  -2.69230769230769       9.276483702441571E-002  9.276483702441612E-002
  -2.65886287625418       0.116760189349596       0.119237973551242     
  -2.62541806020067       0.147037290175548       0.151372925046672     
  -2.59197324414716       0.184349287063759       0.189794767624446     
  -2.55852842809365       0.229254543418744       0.235029666031882     
  -2.52508361204013       0.282060219962592       0.287450817018738     
  -2.49163879598662       0.342774804287177       0.347221674439602     
  -2.45819397993311       0.411072914421490       0.414240466920286     
  -2.42474916387960       0.486275129368352       0.488090813722939     
  -2.39130434782609       0.567344840335990       0.568003695234491     
  -2.35785953177258       0.652903212927508       0.652836013362296     
  -2.32441471571906       0.741262354690880       0.741070392951493     
  -2.29096989966555       0.830475752690375       0.830839694480836     
  -2.25752508361204       0.918404043730777       0.919977969951271     
  -2.22408026755853        1.00279326638020        1.00609741676258     
  -2.19063545150502        1.08136197524181        1.08668846193770     
  -2.15719063545151        1.15189302211395        1.15923769241165     
  -2.12374581939799        1.21232546262037        1.22135621670326     
  -2.09030100334448        1.26084195384793        1.27090947271491     
  -2.05685618729097        1.29594717660997        1.30613871338006     
  -2.02341137123746        1.31653323754061        1.32576455263354     
  -1.98996655518395        1.32192865836292        1.32906407732569     
  -1.95652173913043        1.31192840544446        1.31591504551838     
  -1.92307692307692        1.28680340351631        1.28680340351631     
  -1.88963210702341        1.24728905581365        1.24279347714762     
  -1.85618729096990        1.19455339631665        1.18546338672097     
  -1.82274247491639        1.13014656429770        1.11681114980457     
  -1.78929765886288        1.05593425565525        1.03913925876742     
  -1.75585284280936       0.974018614501241       0.954927016212623     
  -1.72240802675585       0.886650636798401       0.866700453109814     
  -1.68896321070234       0.796138532524117       0.776909232949700     
  -1.65551839464883       0.704756615177759       0.687818666203851     
  -1.62207357859532       0.614659154069811       0.601423021775582     
  -1.58862876254181       0.527803247707137       0.519383985845138     
  -1.55518394648829       0.445884182125837       0.442995665878426     
  -1.52173913043478       0.370285965241527       0.373175235365402     
  -1.48829431438127       0.302048826230739       0.310476382330818     
  -1.45484949832776       0.241854493507182       0.255121311686967     
  -1.42140468227425       0.190029075154872       0.207046228878515     
  -1.38795986622074       0.146562420401244       0.165954994056615     
  -1.35451505016722       0.111141994424922       0.131375911820483     
  -1.32107023411371       8.319859863621097E-002  0.102717295545093     
  -1.28762541806020       6.196075147049172E-002  7.931837808449259E-002
  -1.25418060200669       4.651423532329770E-002  6.049319039868774E-002
  -1.22073578595318       3.586322460062950E-002  4.556606970002570E-002
  -1.18729096989967       2.898953510849713E-002  3.389838956647820E-002
  -1.15384615384615       2.490685993100378E-002  2.490685993100353E-002
  -1.12040133779264       2.270735332906171E-002  1.807429249945960E-002
  -1.08695652173913       2.159855396657378E-002  1.295406434461907E-002
  -1.05351170568562       2.092935675436339E-002  9.169659504667070E-003
  -1.02006688963211       2.020449962348283E-002  6.410660600756954E-003
 -0.986622073578595       1.908777775622617E-002  4.426441977032637E-003
 -0.953177257525083       1.739488597801028E-002  3.018625125960518E-003
 -0.919732441471572       1.507737853629604E-002  2.033134010439777E-003
 -0.886287625418060       1.219969095066853E-002  1.352462536334531E-003
 -0.852842809364549       8.911467749027001E-003  8.885602850016157E-004
 -0.819397993311036       5.417570819471163E-003  5.765685751973296E-004
 -0.785953177257525       1.948105710826572E-003  3.695025621925252E-004
 -0.752508361204013      -1.269391183346037E-003  2.338763761538274E-004
 -0.719063545150502      -4.033791463807697E-003  1.462034677070854E-004
 -0.685618729096990      -6.188861799050160E-003  9.026749838164382E-005
 -0.652173913043478      -7.635526168069525E-003  5.504369199370981E-005
 -0.618729096989966      -8.337564954414912E-003  3.315019756348555E-005
 -0.585284280936455      -8.320937469479192E-003  1.971819248403621E-005
 -0.551839464882943      -7.667392005444793E-003  1.158378527022434E-005
 -0.518394648829432      -6.503425084829544E-003  6.721037379993752E-006
 -0.484949832775920      -4.985943713713315E-003  3.851452438595350E-006
 -0.451505016722408      -3.286154410480331E-003  2.179792649743470E-006
 -0.418060200668896      -1.573243488392755E-003  1.218451498754959E-006
 -0.384615384615385       6.726725952040729E-007  6.726725951653810E-007
 -0.351170568561873       1.313048616563145E-003  3.667766522877079E-007
 -0.317725752508361       2.279877114988619E-003  1.975159795981730E-007
 -0.284280936454850       2.860498525310431E-003  1.050524183862806E-007
 -0.250836120401337       3.058024317613892E-003  5.518436288279275E-008
 -0.217391304347826       2.915545873749194E-003  2.863155814894825E-008
 -0.183946488294314       2.508668927724774E-003  1.467403458243335E-008
 -0.150501672240803       1.935224367146601E-003  7.433269268891225E-009
 -0.117056856187291       1.303233703192653E-003  3.731107040905657E-009
 -8.361204013377943E-002  7.183355718879074E-004  1.876338253952016E-009
 -5.016722408026730E-002  2.718996486681133E-004  9.891469173279640E-010
 -1.672240802675606E-002  3.096664982004956E-005  6.345654731774658E-010
  1.672240802675606E-002  3.096664982012375E-005  6.345654731774658E-010
  5.016722408026730E-002  2.718996486685146E-004  9.891469173279640E-010
  8.361204013377943E-002  7.183355718882269E-004  1.876338253952016E-009
  0.117056856187291       1.303233703193653E-003  3.731107040905657E-009
  0.150501672240803       1.935224367147947E-003  7.433269268891225E-009
  0.183946488294314       2.508668927726163E-003  1.467403458243335E-008
  0.217391304347826       2.915545873750516E-003  2.863155814894825E-008
  0.250836120401337       3.058024317615187E-003  5.518436288279275E-008
  0.284280936454850       2.860498525311470E-003  1.050524183862806E-007
  0.317725752508361       2.279877114990076E-003  1.975159795981730E-007
  0.351170568561873       1.313048616564524E-003  3.667766522877079E-007
  0.384615384615385       6.726725970791473E-007  6.726725951653810E-007
  0.418060200668896      -1.573243488391591E-003  1.218451498754959E-006
  0.451505016722408      -3.286154410478783E-003  2.179792649743470E-006
  0.484949832775920      -4.985943713712109E-003  3.851452438595350E-006
  0.518394648829432      -6.503425084828950E-003  6.721037379993752E-006
  0.551839464882943      -7.667392005444239E-003  1.158378527022434E-005
  0.585284280936455      -8.320937469479244E-003  1.971819248403621E-005
  0.618729096989966      -8.337564954414718E-003  3.315019756348555E-005
  0.652173913043478      -7.635526168068988E-003  5.504369199370981E-005
  0.685618729096990      -6.188861799049787E-003  9.026749838164382E-005
  0.719063545150502      -4.033791463807705E-003  1.462034677070854E-004
  0.752508361204013      -1.269391183346494E-003  2.338763761538274E-004
  0.785953177257525       1.948105710826194E-003  3.695025621925252E-004
  0.819397993311036       5.417570819470032E-003  5.765685751973296E-004
  0.852842809364549       8.911467749026167E-003  8.885602850016157E-004
  0.886287625418060       1.219969095066823E-002  1.352462536334531E-003
  0.919732441471572       1.507737853629559E-002  2.033134010439777E-003
  0.953177257525083       1.739488597800976E-002  3.018625125960518E-003
  0.986622073578595       1.908777775622560E-002  4.426441977032637E-003
   1.02006688963211       2.020449962348152E-002  6.410660600756983E-003
   1.05351170568562       2.092935675436300E-002  9.169659504667070E-003
   1.08695652173913       2.159855396657327E-002  1.295406434461911E-002
   1.12040133779264       2.270735332906181E-002  1.807429249945960E-002
   1.15384615384615       2.490685993100428E-002  2.490685993100366E-002
   1.18729096989967       2.898953510849668E-002  3.389838956647820E-002
   1.22073578595318       3.586322460062935E-002  4.556606970002584E-002
   1.25418060200669       4.651423532329725E-002  6.049319039868774E-002
   1.28762541806020       6.196075147049206E-002  7.931837808449284E-002
   1.32107023411371       8.319859863621050E-002  0.102717295545093     
   1.35451505016722       0.111141994424921       0.131375911820483     
   1.38795986622074       0.146562420401242       0.165954994056614     
   1.42140468227425       0.190029075154871       0.207046228878515     
   1.45484949832776       0.241854493507181       0.255121311686966     
   1.48829431438127       0.302048826230738       0.310476382330818     
   1.52173913043478       0.370285965241525       0.373175235365401     
   1.55518394648829       0.445884182125835       0.442995665878426     
   1.58862876254181       0.527803247707134       0.519383985845137     
   1.62207357859532       0.614659154069809       0.601423021775582     
   1.65551839464883       0.704756615177755       0.687818666203850     
   1.68896321070234       0.796138532524115       0.776909232949700     
   1.72240802675585       0.886650636798401       0.866700453109815     
   1.75585284280936       0.974018614501239       0.954927016212623     
   1.78929765886288        1.05593425565526        1.03913925876742     
   1.82274247491639        1.13014656429770        1.11681114980457     
   1.85618729096990        1.19455339631665        1.18546338672097     
   1.88963210702341        1.24728905581365        1.24279347714762     
   1.92307692307692        1.28680340351631        1.28680340351631     
   1.95652173913043        1.31192840544446        1.31591504551838     
   1.98996655518395        1.32192865836292        1.32906407732569     
   2.02341137123746        1.31653323754062        1.32576455263354     
   2.05685618729097        1.29594717660998        1.30613871338006     
   2.09030100334448        1.26084195384793        1.27090947271491     
   2.12374581939799        1.21232546262037        1.22135621670326     
   2.15719063545150        1.15189302211395        1.15923769241165     
   2.19063545150502        1.08136197524181        1.08668846193770     
   2.22408026755853        1.00279326638020        1.00609741676259     
   2.25752508361204       0.918404043730780       0.919977969951271     
   2.29096989966555       0.830475752690378       0.830839694480837     
   2.32441471571906       0.741262354690882       0.741070392951493     
   2.35785953177258       0.652903212927511       0.652836013362294     
   2.39130434782609       0.567344840335992       0.568003695234491     
   2.42474916387960       0.486275129368352       0.488090813722938     
   2.45819397993311       0.411072914421492       0.414240466920286     
   2.49163879598662       0.342774804287178       0.347221674439602     
   2.52508361204013       0.282060219962593       0.287450817018738     
   2.55852842809365       0.229254543418744       0.235029666031881     
   2.59197324414716       0.184349287063759       0.189794767624446     
   2.62541806020067       0.147037290175547       0.151372925046671     
   2.65886287625418       0.116760189349595       0.119237973551242     
   2.69230769230769       9.276483702441467E-002  9.276483702441612E-002
   2.72575250836120       7.416498511671547E-002  7.127785159645968E-002
   2.75919732441472       6.000442545407523E-002  5.409140123797474E-002
   2.79264214046823       4.931788604078113E-002  4.054191686396242E-002
   2.82608695652174       4.118630870718377E-002  3.001115717153937E-002
   2.85953177257525       3.478365244446465E-002  2.194136386689225E-002
   2.89297658862876       2.941303934988673E-002  1.584334625684632E-002
   2.92642140468227       2.453083947904556E-002  1.129880787119371E-002
   2.95986622073579       1.975812433852491E-002  7.958308119748366E-003
   2.99331103678930       1.487975151863145E-002  5.536193883785126E-003
   3.02675585284281       9.832121852281524E-003  3.803682413677442E-003
   3.06020066889632       4.681327227417332E-003  2.581069042068881E-003
   3.09364548494983      -4.060585113815151E-004  1.729806046499616E-003
   3.12709030100334      -5.196931117255059E-003  1.144979248600444E-003
   3.16053511705686      -9.427563468472282E-003  7.485145319295900E-004
   3.19397993311037      -1.283870520932882E-002  4.832871776088382E-004
   3.22742474916388      -1.520731953202189E-002  3.081858715042279E-004
   3.26086956521739      -1.637277670306847E-002  1.940986849903377E-004
   3.29431438127090      -1.625583309918664E-002  1.207354699633990E-004
   3.32775919732441      -1.486932896152744E-002  7.417363735347417E-005
   3.36120401337793      -1.232019313897062E-002  4.500561411031423E-005
   3.39464882943144      -8.803001886856584E-003  2.697032770451539E-005
   3.42809364548495      -4.585955447139597E-003  1.596276685233977E-005
   3.46153846153846       9.331093331265895E-006  9.331093332956773E-006
   3.49498327759197       4.632412158992736E-003  5.387153025596019E-006
   3.52842809364548       8.930891244126675E-003  3.071768670713493E-006
   3.56187290969900       1.257740570582365E-002  1.729896488085946E-006
   3.59531772575251       1.529457994153108E-002  9.621751653198164E-007
   3.62876254180602       1.687601829317291E-002  5.285554863279416E-007
   3.66220735785953       1.720175354755186E-002  2.867671781906118E-007
   3.69565217391304       1.624701980812063E-002  1.536634984145212E-007
   3.72909698996656       1.408374474841614E-002  8.132318995881328E-008
   3.76254180602007       1.087471627402961E-002  4.250700547836496E-008
   3.79598662207358       6.860931229435413E-003  2.194365830173278E-008
   3.82943143812709       2.343139090440456E-003  1.118819349709406E-008
   3.86287625418060      -2.340984229076663E-003  5.633954319728165E-009
   3.89632107023411      -6.842287513149791E-003  2.802006186412780E-009
   3.92976588628763      -1.082629866929351E-002  1.376344887625706E-009
   3.96321070234114      -1.399812804256796E-002  6.677099900786066E-010
   3.99665551839465      -1.612427778637333E-002  3.199269972889518E-010
   4.03010033444816      -1.704976031343659E-002  1.513966695409707E-010
   4.06354515050167      -1.670928942516221E-002  7.075940445391790E-011
   4.09698996655518      -1.513175542454305E-002  3.266287676110666E-011
   4.13043478260870      -1.243769681504519E-002  1.489111135784204E-011
   4.16387959866221      -8.829999043981887E-003  6.705052863560568E-012
   4.19732441471572      -4.578547329756958E-003  2.981808283799740E-012
   4.23076923076923       1.309688243370267E-012  1.309663257017568E-012
   4.26421404682274       4.565800501716716E-003  5.681224951064734E-013
   4.29765886287625       8.781024418777207E-003  2.434034579709492E-013
   4.33110367892977       1.233479730146110E-002  1.029944725300209E-013
   4.36454849498328       1.496605546472582E-002  4.304309657742528E-014
   4.39799331103679       1.648264407692620E-002  1.776623952736856E-014
   4.43143812709030       1.677527124564658E-002  7.242523855961730E-015
   4.46488294314381       1.582531466569933E-002  2.915994977001380E-015
   4.49832775919733       1.370593176894762E-002  1.159540773383889E-015
   4.53177257525084       1.057641651296219E-002  4.553944078664244E-016
   4.56521739130435       6.670240050892622E-003  1.766411070419517E-016
   4.59866220735786       2.277672672935398E-003  6.767032748921864E-017
   4.63210702341137      -2.275722638113690E-003  2.560396320717887E-017
   4.66555183946488      -6.653137172864281E-003  9.567941833669811E-018
   4.69899665551839      -1.053133524850755E-002  3.531280971921021E-018
   4.73244147157191      -1.362442450790785E-002  1.287207133476223E-018
   4.76588628762542      -1.570483869870100E-002  4.634117243879421E-019
   4.79933110367893      -1.662000144468679E-002  1.647737450106803E-019
   4.83277591973244      -1.630345810766094E-002  5.786439591484228E-020
   4.86622073578595      -1.477966905455657E-002  2.006953223668867E-020
   4.89966555183947      -1.216212183739492E-002  6.874885874242744E-021
   4.93311036789298      -8.644908177958200E-003  2.325927382647109E-021
   4.96655518394649      -4.488388753413238E-003  7.771936182890333E-022
   5.00000000000000      -1.532886300131501E-016  2.564866208902140E-022
