  0.000000000000000E+000   3.00000000000000     
  1.250000000000000E-002   2.99981494872249     
  2.500000000000000E-002   2.99925984054860     
  3.750000000000000E-002   2.99833481244295     
  5.000000000000000E-002   2.99704009264241     
  6.250000000000000E-002   2.99537600059969     
  7.500000000000000E-002   2.99334294690462     
  8.749999999999999E-002   2.99094143318277     
  0.100000000000000        2.98817205197172     
  0.112500000000000        2.98503548657484     
  0.125000000000000        2.98153251089271     
  0.137500000000000        2.97766398923216     
  0.150000000000000        2.97343087609303     
  0.162500000000000        2.96883421593265     
  0.175000000000000        2.96387514290812     
  0.187500000000000        2.95855488059651     
  0.200000000000000        2.95287474169295     
  0.212500000000000        2.94683612768670     
  0.225000000000000        2.94044052851541     
  0.237500000000000        2.93368952219750     
  0.250000000000000        2.92658477444273     
  0.262500000000000        2.91912803824132     
  0.275000000000000        2.91132115343134     
  0.287500000000000        2.90316604624480     
  0.300000000000000        2.89466472883238     
  0.312500000000000        2.88581929876693     
  0.325000000000000        2.87663193852597     
  0.337500000000000        2.86710491495317     
  0.350000000000000        2.85724057869903     
  0.362500000000000        2.84704136364092     
  0.375000000000000        2.83650978628255     
  0.387500000000000        2.82564844513304     
  0.400000000000000        2.81446002006580     
  0.412500000000000        2.80294727165729     
  0.425000000000000        2.79111304050592     
  0.437500000000000        2.77896024653114     
  0.450000000000000        2.76649188825302     
  0.462500000000000        2.75371104205241     
  0.475000000000000        2.74062086141184     
  0.487500000000000        2.72722457613754     
  0.500000000000000        2.71352549156242     
  0.512500000000000        2.69952698773064     
  0.525000000000000        2.68523251856354     
  0.537500000000000        2.67064561100749     
  0.550000000000000        2.65576986416368     
  0.562500000000000        2.64060894840005     
  0.575000000000000        2.62516660444569     
  0.587500000000000        2.60944664246791     
  0.600000000000000        2.59345294113212     
  0.612500000000000        2.57718944664478     
  0.625000000000000        2.56066017177982     
  0.637500000000000        2.54386919488847     
  0.650000000000000        2.52682065889303     
  0.662500000000000        2.50951877026466     
  0.675000000000000        2.49196779798548     
  0.687500000000000        2.47417207249528     
  0.700000000000000        2.45613598462303     
  0.712500000000000        2.43786398450356     
  0.725000000000000        2.41936058047946     
  0.737500000000000        2.40063033798883     
  0.750000000000000        2.38167787843871     
  0.762500000000000        2.36250787806492     
  0.775000000000000        2.34312506677820     
  0.787500000000000        2.32353422699720     
  0.800000000000000        2.30374019246849     
  0.812500000000000        2.28374784707392     
  0.825000000000000        2.26356212362556     
  0.837500000000000        2.24318800264861     
  0.850000000000000        2.22263051115257     
  0.862500000000000        2.20189472139086     
  0.875000000000000        2.18098574960932     
  0.887500000000000        2.15990875478387     
  0.900000000000000        2.13866893734761     
  0.912500000000000        2.11727153790766     
  0.925000000000000        2.09572183595217     
  0.937500000000000        2.07402514854763     
  0.950000000000000        2.05218682902702     
  0.962500000000000        2.03021226566889     
  0.975000000000000        2.00810688036794     
  0.987500000000000        1.98587612729722     
   1.00000000000000        1.96352549156242     
   1.01250000000000        1.94106048784846     
   1.02500000000000        1.91848665905884     
   1.03750000000000        1.89580957494806     
   1.05000000000000        1.87303483074728     
   1.06250000000000        1.85016804578386     
   1.07500000000000        1.82721486209481     
   1.08750000000000        1.80418094303477     
   1.10000000000000        1.78107197187859     
   1.11250000000000        1.75789365041911     
   1.12500000000000        1.73465169756035     
   1.13750000000000        1.71135184790637     
   1.15000000000000        1.68799985034646     
   1.16250000000000        1.66460146663657     
   1.17500000000000        1.64116246997777     
   1.18750000000000        1.61768864359177     
   1.20000000000000        1.59418577929397     
   1.21250000000000        1.57065967606446     
   1.22500000000000        1.54711613861719     
   1.23750000000000        1.52356097596773     
   1.25000000000000        1.50000000000000     
   1.26250000000000        1.47643902403227     
   1.27500000000000        1.45288386138281     
   1.28750000000000        1.42934032393554     
   1.30000000000000        1.40581422070603     
   1.31250000000000        1.38231135640823     
   1.32500000000000        1.35883753002223     
   1.33750000000000        1.33539853336343     
   1.35000000000000        1.31200014965354     
   1.36250000000000        1.28864815209363     
   1.37500000000000        1.26534830243965     
   1.38750000000000        1.24210634958089     
   1.40000000000000        1.21892802812141     
   1.41250000000000        1.19581905696523     
   1.42500000000000        1.17278513790519     
   1.43750000000000        1.14983195421614     
   1.45000000000000        1.12696516925272     
   1.46250000000000        1.10419042505194     
   1.47500000000000        1.08151334094116     
   1.48750000000000        1.05893951215154     
   1.50000000000000        1.03647450843758     
   1.51250000000000        1.01412387270278     
   1.52500000000000       0.991893119632063     
   1.53750000000000       0.969787734331114     
   1.55000000000000       0.947813170972983     
   1.56250000000000       0.925974851452365     
   1.57500000000000       0.904278164047829     
   1.58750000000000       0.882728462092337     
   1.60000000000000       0.861331062652391     
   1.61250000000000       0.840091245216127     
   1.62500000000000       0.819014250390680     
   1.63750000000000       0.798105278609140     
   1.65000000000000       0.777369488847427     
   1.66250000000000       0.756811997351389     
   1.67500000000000       0.736437876374443     
   1.68750000000000       0.716252152926077     
   1.70000000000000       0.696259807531505     
   1.71250000000000       0.676465773002803     
   1.72500000000000       0.656874933221804     
   1.73750000000000       0.637492121935082     
   1.75000000000000       0.618322121561290     
   1.76250000000000       0.599369662011174     
   1.77500000000000       0.580639419520536     
   1.78750000000000       0.562136015496442     
   1.80000000000000       0.543864015376965     
   1.81250000000000       0.525827927504725     
   1.82500000000000       0.508032202014522     
   1.83750000000000       0.490481229735340     
   1.85000000000000       0.473179341106967     
   1.86250000000000       0.456130805111528     
   1.87500000000000       0.439339828220179     
   1.88750000000000       0.422810553355217     
   1.90000000000000       0.406547058867883     
   1.91250000000000       0.390553357532085     
   1.92500000000000       0.374833395554311     
   1.93750000000000       0.359391051599954     
   1.95000000000000       0.344230135836316     
   1.96250000000000       0.329354388992506     
   1.97500000000000       0.314767481436464     
   1.98750000000000       0.300473012269364     
   2.00000000000000       0.286474508437579     
   2.01250000000000       0.272775423862465     
   2.02500000000000       0.259379138588157     
   2.03750000000000       0.246288957947595     
   2.05000000000000       0.233508111746978     
   2.06250000000000       0.221039753468862     
   2.07500000000000       0.208886959494084     
   2.08750000000000       0.197052728342713     
   2.10000000000000       0.185539979934205     
   2.11250000000000       0.174351554866960     
   2.12500000000000       0.163490213717448     
   2.13750000000000       0.152958636359076     
   2.15000000000000       0.142759421300971     
   2.16250000000000       0.132895085046832     
   2.17500000000000       0.123368061474029     
   2.18750000000000       0.114180701233070     
   2.20000000000000       0.105335271167623     
   2.21250000000000       9.683395375519899E-002
   2.22500000000000       8.867884656866187E-002
   2.23750000000000       8.087196175868216E-002
   2.25000000000000       7.341522555726976E-002
   2.26250000000000       6.631047780250476E-002
   2.27500000000000       5.955947148458551E-002
   2.28750000000000       5.316387231330300E-002
   2.30000000000000       4.712525830705361E-002
   2.31250000000000       4.144511940348528E-002
   2.32500000000000       3.612485709187885E-002
   2.33750000000000       3.116578406735138E-002
   2.35000000000000       2.656912390696697E-002
   2.36250000000000       2.233601076783920E-002
   2.37500000000000       1.846748910729357E-002
   2.38750000000000       1.496451342516347E-002
   2.40000000000000       1.182794802828324E-002
   2.41250000000000       9.058566817230496E-003
   2.42500000000000       6.657053095380006E-003
   2.43750000000000       4.623999400308110E-003
   2.45000000000000       2.959907357592773E-003
   2.46250000000000       1.665187557045034E-003
   2.47500000000000       7.401594514027110E-004
   2.48750000000000       1.850512775090074E-004
   2.50000000000000       0.000000000000000E+000
   2.51250000000000       1.850512775090074E-004
   2.52500000000000       7.401594514027110E-004
   2.53750000000000       1.665187557045034E-003
   2.55000000000000       2.959907357592773E-003
   2.56250000000000       4.623999400307888E-003
   2.57500000000000       6.657053095380006E-003
   2.58750000000000       9.058566817230496E-003
   2.60000000000000       1.182794802828324E-002
   2.61250000000000       1.496451342516369E-002
   2.62500000000000       1.846748910729334E-002
   2.63750000000000       2.233601076783920E-002
   2.65000000000000       2.656912390696697E-002
   2.66250000000000       3.116578406735160E-002
   2.67500000000000       3.612485709187863E-002
   2.68750000000000       4.144511940348505E-002
   2.70000000000000       4.712525830705316E-002
   2.71250000000000       5.316387231330300E-002
   2.72500000000000       5.955947148458529E-002
   2.73750000000000       6.631047780250476E-002
   2.75000000000000       7.341522555726931E-002
   2.76250000000000       8.087196175868216E-002
   2.77500000000000       8.867884656866165E-002
   2.78750000000000       9.683395375519877E-002
   2.80000000000000       0.105335271167623     
   2.81250000000000       0.114180701233070     
   2.82500000000000       0.123368061474028     
   2.83750000000000       0.132895085046832     
   2.85000000000000       0.142759421300971     
   2.86250000000000       0.152958636359076     
   2.87500000000000       0.163490213717448     
   2.88750000000000       0.174351554866960     
   2.90000000000000       0.185539979934204     
   2.91250000000000       0.197052728342713     
   2.92500000000000       0.208886959494084     
   2.93750000000000       0.221039753468862     
   2.95000000000000       0.233508111746977     
   2.96250000000000       0.246288957947594     
   2.97500000000000       0.259379138588157     
   2.98750000000000       0.272775423862465     
   3.00000000000000       0.286474508437579     
   3.01250000000000       0.300473012269364     
   3.02500000000000       0.314767481436464     
   3.03750000000000       0.329354388992505     
   3.05000000000000       0.344230135836316     
   3.06250000000000       0.359391051599953     
   3.07500000000000       0.374833395554311     
   3.08750000000000       0.390553357532085     
   3.10000000000000       0.406547058867883     
   3.11250000000000       0.422810553355217     
   3.12500000000000       0.439339828220179     
   3.13750000000000       0.456130805111529     
   3.15000000000000       0.473179341106967     
   3.16250000000000       0.490481229735340     
   3.17500000000000       0.508032202014522     
   3.18750000000000       0.525827927504724     
   3.20000000000000       0.543864015376966     
   3.21250000000000       0.562136015496442     
   3.22500000000000       0.580639419520535     
   3.23750000000000       0.599369662011173     
   3.25000000000000       0.618322121561290     
   3.26250000000000       0.637492121935083     
   3.27500000000000       0.656874933221804     
   3.28750000000000       0.676465773002802     
   3.30000000000000       0.696259807531504     
   3.31250000000000       0.716252152926077     
   3.32500000000000       0.736437876374443     
   3.33750000000000       0.756811997351388     
   3.35000000000000       0.777369488847427     
   3.36250000000000       0.798105278609140     
   3.37500000000000       0.819014250390680     
   3.38750000000000       0.840091245216127     
   3.40000000000000       0.861331062652391     
   3.41250000000000       0.882728462092336     
   3.42500000000000       0.904278164047828     
   3.43750000000000       0.925974851452366     
   3.45000000000000       0.947813170972983     
   3.46250000000000       0.969787734331113     
   3.47500000000000       0.991893119632063     
   3.48750000000000        1.01412387270278     
   3.50000000000000        1.03647450843758     
   3.51250000000000        1.05893951215154     
   3.52500000000000        1.08151334094116     
   3.53750000000000        1.10419042505194     
   3.55000000000000        1.12696516925272     
   3.56250000000000        1.14983195421614     
   3.57500000000000        1.17278513790519     
   3.58750000000000        1.19581905696523     
   3.60000000000000        1.21892802812141     
   3.61250000000000        1.24210634958089     
   3.62500000000000        1.26534830243965     
   3.63750000000000        1.28864815209363     
   3.65000000000000        1.31200014965354     
   3.66250000000000        1.33539853336343     
   3.67500000000000        1.35883753002223     
   3.68750000000000        1.38231135640823     
   3.70000000000000        1.40581422070603     
   3.71250000000000        1.42934032393554     
   3.72500000000000        1.45288386138281     
   3.73750000000000        1.47643902403227     
   3.75000000000000        1.50000000000000     
   3.76250000000000        1.52356097596773     
   3.77500000000000        1.54711613861719     
   3.78750000000000        1.57065967606446     
   3.80000000000000        1.59418577929397     
   3.81250000000000        1.61768864359177     
   3.82500000000000        1.64116246997777     
   3.83750000000000        1.66460146663657     
   3.85000000000000        1.68799985034646     
   3.86250000000000        1.71135184790637     
   3.87500000000000        1.73465169756035     
   3.88750000000000        1.75789365041911     
   3.90000000000000        1.78107197187859     
   3.91250000000000        1.80418094303477     
   3.92500000000000        1.82721486209481     
   3.93750000000000        1.85016804578386     
   3.95000000000000        1.87303483074728     
   3.96250000000000        1.89580957494806     
   3.97500000000000        1.91848665905884     
   3.98750000000000        1.94106048784846     
   4.00000000000000        1.96352549156242     
   4.01250000000000        1.98587612729722     
   4.02500000000000        2.00810688036794     
   4.03750000000000        2.03021226566888     
   4.05000000000000        2.05218682902702     
   4.06250000000000        2.07402514854763     
   4.07500000000000        2.09572183595217     
   4.08750000000000        2.11727153790766     
   4.10000000000000        2.13866893734761     
   4.11250000000000        2.15990875478387     
   4.12500000000000        2.18098574960932     
   4.13750000000000        2.20189472139086     
   4.15000000000000        2.22263051115257     
   4.16250000000000        2.24318800264861     
   4.17500000000000        2.26356212362556     
   4.18750000000000        2.28374784707392     
   4.20000000000000        2.30374019246850     
   4.21250000000000        2.32353422699720     
   4.22500000000000        2.34312506677819     
   4.23750000000000        2.36250787806492     
   4.25000000000000        2.38167787843871     
   4.26250000000000        2.40063033798883     
   4.27500000000000        2.41936058047947     
   4.28750000000000        2.43786398450356     
   4.30000000000000        2.45613598462303     
   4.31250000000000        2.47417207249528     
   4.32500000000000        2.49196779798548     
   4.33750000000000        2.50951877026466     
   4.35000000000000        2.52682065889303     
   4.36250000000000        2.54386919488847     
   4.37500000000000        2.56066017177982     
   4.38750000000000        2.57718944664478     
   4.40000000000000        2.59345294113212     
   4.41250000000000        2.60944664246791     
   4.42500000000000        2.62516660444569     
   4.43750000000000        2.64060894840005     
   4.45000000000000        2.65576986416368     
   4.46250000000000        2.67064561100749     
   4.47500000000000        2.68523251856354     
   4.48750000000000        2.69952698773064     
   4.50000000000000        2.71352549156242     
   4.51250000000000        2.72722457613753     
   4.52500000000000        2.74062086141184     
   4.53750000000000        2.75371104205241     
   4.55000000000000        2.76649188825302     
   4.56250000000000        2.77896024653114     
   4.57500000000000        2.79111304050592     
   4.58750000000000        2.80294727165729     
   4.60000000000000        2.81446002006579     
   4.61250000000000        2.82564844513304     
   4.62500000000000        2.83650978628255     
   4.63750000000000        2.84704136364092     
   4.65000000000000        2.85724057869903     
   4.66250000000000        2.86710491495317     
   4.67500000000000        2.87663193852597     
   4.68750000000000        2.88581929876693     
   4.70000000000000        2.89466472883238     
   4.71250000000000        2.90316604624480     
   4.72500000000000        2.91132115343134     
   4.73750000000000        2.91912803824132     
   4.75000000000000        2.92658477444273     
   4.76250000000000        2.93368952219750     
   4.77500000000000        2.94044052851541     
   4.78750000000000        2.94683612768670     
   4.80000000000000        2.95287474169295     
   4.81250000000000        2.95855488059652     
   4.82500000000000        2.96387514290812     
   4.83750000000000        2.96883421593265     
   4.85000000000000        2.97343087609303     
   4.86250000000000        2.97766398923216     
   4.87500000000000        2.98153251089271     
   4.88750000000000        2.98503548657484     
   4.90000000000000        2.98817205197172     
   4.91250000000000        2.99094143318277     
   4.92500000000000        2.99334294690462     
   4.93750000000000        2.99537600059969     
   4.95000000000000        2.99704009264241     
   4.96250000000000        2.99833481244295     
   4.97500000000000        2.99925984054860     
   4.98750000000000        2.99981494872249     
   5.00000000000000        3.00000000000000     
